175 163 161 122 159 184 146 168 146 186 182 151 151 177 180 199 
185 145 123 165 164 132 164 142 153 149 144 140 151 168 162 175 
168 126 161 136 150 172 168 155 147 140 166 135 164 171 177 170 
141 144 141 142 137 179 182 150 143 132 151 139 164 156 172 177 
146 143 127 180 150 127 151 154 138 163 143 138 149 162 134 159 
181 145 135 133 152 157 169 183 160 148 148 156 131 153 165 171 
134 135 153 148 142 167 161 140 161 150 145 151 161 170 147 181 
134 151 131 158 132 149 144 165 162 146 144 167 142 164 173 194 
146 155 151 128 168 124 166 153 168 155 153 167 152 190 151 173 
159 131 141 135 139 145 171 121 159 131 159 152 164 170 142 190 
150 152 177 145 142 155 125 145 143 163 133 134 160 146 188 160 
172 196 153 170 134 142 158 145 150 154 135 146 166 147 150 156 
1520 564 193 142 180 148 129 143 180 146 144 148 138 166 175 166 
7535 1300 185 158 136 146 135 152 125 162 148 161 126 125 149 162 
4265 539 164 147 177 129 149 141 145 171 137 114 172 146 153 169 
252 127 159 149 157 133 150 164 149 158 144 160 156 141 154 202 
