999 1043 1037 1060 1063 1082 1082 1091 1055 1040 1105 1041 1068 999 1047 1070 
1047 1051 1053 1052 1113 1144 1140 1175 1161 1189 1206 1188 1151 1107 1134 1083 
1061 1114 1132 1161 1241 1177 1134 1192 1239 1168 1185 1227 1157 1193 1127 1069 
1046 1191 1088 1193 1216 1169 1167 1181 1157 1169 1160 1222 1161 1120 1158 1096 
1116 1178 1188 1214 1212 1191 1245 1207 1175 1186 1248 1168 1152 1199 1181 1001 
1184 1182 1284 1212 1315 1194 1231 1237 1251 1190 1233 1209 1199 1193 1158 1167 
1221 1337 1296 1277 1259 1215 1212 1228 1236 1249 1211 1211 1206 1177 1194 1145 
1509 1546 1432 1388 1289 1345 1213 1233 1257 1177 1255 1185 1219 1158 1156 1135 
1977 1936 1714 1456 1416 1352 1259 1164 1220 1229 1195 1163 1155 1133 1098 1046 
18157 4915 1930 1547 1422 1258 1215 1241 1172 1225 1194 1166 1188 1153 1142 1034 
65766 10734 2305 1712 1481 1317 1301 1323 1247 1166 1164 1148 1197 1184 1126 1060 
31908 5360 1926 1574 1314 1300 1229 1228 1249 1231 1132 1157 1210 1155 1132 1074 
2248 1987 1666 1382 1343 1316 1245 1178 1203 1262 1183 1120 1150 1108 1069 1066 
1520 1525 1488 1303 1252 1279 1189 1173 1158 1166 1157 1142 1174 1114 1140 1000 
1214 1321 1296 1245 1191 1262 1182 1174 1146 1146 1082 1102 1158 1138 1071 1035 
1082 1132 1105 1192 1105 1071 1080 1014 1065 1068 1088 1063 1026 985 1025 1025 
