3796 489 157 152 140 151 145 145 156 150 139 161 147 151 143 154 
5998 1221 193 149 131 147 149 132 137 136 146 151 134 150 155 164 
1270 553 170 158 153 151 157 126 153 130 180 152 162 170 159 140 
161 151 137 140 164 146 166 129 144 160 132 146 132 151 179 144 
156 158 134 158 122 147 149 145 131 137 170 171 138 155 171 162 
150 139 166 132 143 148 137 167 145 142 150 149 166 153 139 151 
163 153 159 152 136 135 173 138 145 159 124 142 164 140 156 147 
172 144 134 144 148 152 143 147 146 162 145 180 155 171 155 171 
141 132 167 160 145 150 161 160 146 146 167 146 152 140 173 147 
163 120 132 122 150 140 150 140 142 146 140 153 178 166 151 172 
150 137 140 136 130 133 147 150 133 132 150 144 150 146 167 172 
129 135 127 148 150 143 130 157 149 149 142 147 139 154 162 165 
171 172 144 133 155 143 176 141 164 153 140 153 158 155 163 158 
139 156 127 150 158 138 139 169 170 175 159 140 170 149 163 160 
169 153 151 141 147 154 160 157 181 172 180 154 157 177 160 163 
163 193 143 169 175 163 141 143 173 158 156 170 172 156 149 188 
