907 1018 1043 1033 1030 1108 1017 1063 1090 1161 1068 1095 1073 1064 1016 1030 
980 1019 1046 1083 1147 1132 1150 1173 1106 1145 1151 1137 1063 1179 1132 1087 
1073 1099 1099 1133 1196 1204 1156 1178 1151 1144 1206 1128 1156 1149 1076 1055 
1014 1127 1106 1115 1123 1176 1162 1213 1142 1164 1238 1192 1176 1158 1118 1127 
1106 1219 1156 1257 1255 1200 1218 1199 1249 1167 1189 1197 1182 1226 1133 1073 
1082 1144 1146 1257 1229 1234 1205 1261 1165 1196 1256 1201 1230 1142 1093 1088 
1201 1285 1254 1246 1212 1248 1213 1226 1234 1214 1185 1164 1168 1177 1131 1142 
1204 1316 1306 1292 1278 1291 1235 1221 1297 1240 1209 1235 1157 1160 1153 1081 
1325 1495 1402 1353 1271 1334 1281 1164 1191 1207 1261 1189 1149 1230 1189 1125 
1860 1857 1588 1435 1333 1304 1280 1265 1205 1238 1184 1173 1259 1263 1126 1077 
14041 4460 1931 1506 1302 1339 1294 1282 1185 1188 1202 1195 1224 1169 1077 1047 
58282 10011 2047 1483 1359 1300 1284 1315 1170 1245 1231 1201 1253 1209 1131 1097 
31447 4930 1964 1461 1416 1173 1234 1195 1144 1237 1227 1164 1219 1193 1109 1066 
2175 1849 1548 1376 1299 1254 1186 1209 1156 1167 1140 1192 1136 1143 1108 1104 
1489 1430 1330 1253 1192 1252 1223 1163 1215 1120 1192 1116 1054 1129 1094 1072 
1168 1203 1236 1174 1108 1156 1151 1089 1075 1095 1026 1035 1053 1081 1063 996 
