23965 4224 1476 1274 1152 1153 1069 1017 989 1063 993 1006 1017 1008 1003 935 
37459 8775 1775 1363 1176 1139 1066 1066 1139 1064 1077 1092 1028 1035 1035 998 
9075 4110 1724 1434 1234 1217 1173 1159 1198 1108 1126 1132 1080 1166 997 1036 
1504 1580 1358 1290 1250 1164 1179 1148 1189 1151 1127 1176 1079 1030 1071 1019 
1289 1407 1246 1216 1188 1212 1204 1169 1191 1115 1167 1208 1126 1140 1179 1093 
1123 1223 1218 1197 1170 1185 1157 1213 1153 1123 1125 1169 1250 1171 995 989 
1069 1142 1262 1115 1153 1181 1285 1153 1100 1177 1102 1150 1150 1143 1094 1049 
1048 1160 1152 1120 1156 1181 1184 1182 1134 1208 1155 1186 1158 1185 1099 999 
972 1070 1065 1186 1126 1126 1167 1205 1202 1084 1231 1137 1160 1112 1060 1026 
1043 1015 1135 1188 1064 1172 1177 1143 1127 1174 1132 1115 1166 1114 1089 1080 
1018 1070 1111 1056 1094 1067 1168 1177 1120 1153 1187 1153 1152 1139 1169 1075 
995 1099 1095 1078 1203 1111 1142 1241 1161 1145 1166 1146 1113 1126 1060 1043 
1023 1070 1089 1059 1136 1088 1151 1174 1120 1143 1118 1131 1165 1064 1060 1031 
962 1078 1078 1027 1036 1100 1143 1166 1181 1165 1109 1044 1206 1064 1153 1025 
1005 1050 1075 1056 1081 1097 1090 1106 1100 1087 1088 1101 1104 1059 1091 1105 
946 1047 995 1004 1066 1031 1051 1042 1079 1048 1041 1045 1027 1062 1058 1018 
