161 139 152 154 154 133 143 147 148 142 138 156 132 147 172 157 
203 150 164 156 144 139 127 154 159 142 166 169 126 167 170 168 
4582 554 167 156 143 158 138 118 148 151 141 150 165 152 160 165 
8703 1357 158 159 158 163 147 154 163 158 166 150 180 137 132 204 
1770 540 194 161 142 125 184 130 151 145 146 159 137 151 136 181 
199 158 173 153 137 130 135 146 128 143 153 169 158 161 155 172 
156 162 135 165 158 159 145 171 153 145 170 159 162 151 163 156 
161 130 163 135 137 154 136 160 167 147 148 169 126 145 163 157 
158 152 158 168 167 154 156 149 149 145 157 157 183 172 141 177 
134 151 145 154 135 166 182 147 153 145 180 167 156 178 153 161 
160 144 148 166 160 144 163 150 161 152 150 149 159 140 167 163 
136 134 173 125 155 124 136 152 152 156 156 136 146 146 140 187 
158 159 135 140 153 163 175 148 166 148 163 169 166 137 155 170 
141 160 133 166 153 147 137 163 130 151 166 142 148 155 181 163 
165 145 164 155 169 141 170 165 182 151 165 160 172 163 183 155 
157 175 159 157 176 164 174 163 147 189 182 154 178 183 188 159 
