951 999 1034 1000 1059 1110 1086 1110 1011 1062 1050 1045 1049 1057 1059 1024 
920 1026 1123 1095 1090 1080 1111 1122 1127 1080 1152 1136 1065 1074 1064 1026 
1028 1100 1079 1134 1073 1194 1173 1119 1109 1221 1142 1157 1159 1083 1100 1061 
1026 1127 1107 1086 1068 1112 1104 1128 1199 1159 1217 1169 1209 1150 1151 1030 
975 1082 1157 1117 1141 1204 1082 1171 1193 1150 1165 1138 1170 1188 1083 1103 
1028 1097 1098 1100 1141 1155 1171 1152 1130 1156 1156 1135 1099 1165 1065 1076 
1006 1093 1052 1124 1092 1138 1180 1198 1163 1134 1168 1110 1142 1187 1157 1142 
996 1076 1142 1217 1171 1116 1172 1211 1166 1202 1272 1170 1171 1199 1086 1085 
1072 1125 1117 1142 1209 1189 1189 1198 1178 1236 1183 1154 1137 1166 1088 1126 
1066 1141 1184 1165 1181 1222 1175 1263 1242 1144 1242 1259 1125 1096 1127 1074 
1125 1150 1241 1162 1222 1194 1213 1232 1199 1210 1226 1136 1185 1021 1106 1038 
1284 1235 1286 1235 1207 1264 1067 1171 1104 1151 1137 1195 1096 1168 1163 1070 
1730 1596 1446 1285 1247 1186 1152 1199 1082 1188 1103 1144 1038 1082 1063 993 
9146 4236 1683 1344 1278 1195 1116 1102 1140 1205 1076 1086 1055 1035 1078 1048 
39158 9015 1795 1277 1315 1126 1118 1130 1070 1080 1107 1101 1018 1080 1054 964 
23900 4212 1612 1288 1111 1122 1051 1035 1026 1011 988 992 969 996 978 963 
