140 178 158 185 137 137 151 165 145 177 146 157 160 168 190 185 
162 148 155 146 164 136 164 143 147 140 158 149 153 190 156 185 
165 145 138 165 155 130 152 167 151 149 172 132 136 154 162 179 
176 153 151 158 152 129 140 163 150 146 137 170 146 163 162 157 
195 178 161 138 135 141 143 161 175 141 149 181 156 138 142 159 
4810 597 183 138 159 133 156 157 144 150 167 152 167 152 156 162 
11392 1444 181 149 122 153 138 145 141 146 157 123 140 138 145 190 
3362 544 188 172 147 148 134 176 153 164 164 160 153 182 164 170 
192 160 151 157 128 155 138 152 154 159 152 160 149 146 173 183 
154 166 170 164 119 178 129 172 164 161 151 136 167 156 186 196 
166 132 164 159 174 173 133 146 155 148 160 162 169 161 163 182 
161 159 142 163 147 148 130 134 152 157 161 162 144 158 169 190 
158 148 149 162 177 155 144 160 121 171 142 169 144 165 165 191 
132 123 149 131 186 151 156 166 168 153 148 146 155 126 188 193 
160 144 175 164 160 156 160 152 163 139 150 152 160 171 167 182 
153 164 148 160 164 177 129 169 162 158 168 158 151 173 178 184 
