164 143 165 137 167 148 170 178 180 171 157 167 167 178 190 160 
145 148 125 181 148 126 163 136 168 143 148 153 162 174 174 159 
147 158 129 172 154 171 165 167 161 161 179 138 161 164 169 176 
154 154 110 181 136 141 150 156 156 146 156 151 142 155 165 172 
173 161 166 164 176 160 143 148 124 170 149 161 166 167 146 193 
165 133 140 168 167 151 132 147 123 160 141 151 166 155 165 175 
150 133 129 150 134 154 152 165 154 155 137 117 174 160 134 160 
138 133 148 152 159 157 184 151 152 142 162 148 162 162 164 160 
151 123 144 139 144 162 154 154 157 149 136 168 143 153 144 166 
162 164 170 134 185 130 139 149 133 160 150 137 165 159 151 142 
163 138 163 143 151 120 138 165 131 166 138 135 151 150 137 168 
1842 517 186 129 143 142 139 147 126 159 142 160 142 135 135 188 
8520 1364 184 135 152 139 121 149 121 151 133 164 143 160 148 174 
4537 557 138 151 134 152 149 153 136 135 155 148 136 159 115 154 
194 170 151 162 137 134 167 153 170 152 147 159 152 152 141 160 
141 157 150 147 143 134 156 170 156 156 134 151 154 152 174 175 
