2428 1655 1393 1230 1190 1094 1136 1089 1043 948 995 1045 1019 998 1021 973 
27098 4492 1668 1385 1180 1171 1048 1087 1175 1077 1128 1153 1070 1090 1050 1028 
45159 9252 1921 1398 1252 1211 1175 1185 1176 1215 1209 1119 1163 1102 1124 1057 
10291 4240 1773 1367 1305 1272 1203 1169 1218 1101 1155 1132 1121 1114 1116 1110 
1676 1612 1426 1367 1242 1263 1175 1143 1152 1160 1156 1165 1129 1110 1069 1040 
1248 1374 1378 1329 1302 1211 1197 1201 1231 1238 1199 1164 1204 1165 1134 1053 
1166 1269 1279 1224 1293 1215 1178 1230 1278 1140 1196 1247 1190 1161 1076 1053 
1075 1176 1256 1244 1254 1210 1132 1200 1224 1187 1188 1189 1200 1151 1130 1027 
1055 1077 1109 1160 1157 1195 1180 1159 1192 1157 1187 1192 1152 1183 1124 1051 
1064 1155 1163 1182 1187 1149 1220 1109 1226 1209 1263 1103 1173 1115 1109 1080 
1087 1145 1200 1192 1108 1168 1191 1180 1206 1242 1263 1195 1257 1210 1121 1134 
975 1053 1171 1232 1187 1154 1132 1158 1182 1229 1167 1165 1146 1159 1105 1086 
1016 1090 1200 1097 1130 1136 1142 1111 1181 1156 1143 1187 1091 1177 1111 1138 
994 1036 1135 1172 1147 1122 1103 1160 1118 1212 1195 1164 1115 1117 1090 1063 
1037 1090 1063 1070 1120 1062 1111 1098 1079 1051 1101 1125 1011 1063 1052 1038 
971 1055 1017 1076 1083 1064 1079 982 1064 1103 1081 1067 1071 1011 1007 1036 
