1089 1112 1149 1168 1123 1118 1144 1113 1039 1029 1110 1090 1085 1047 1012 1030 
1312 1244 1299 1293 1219 1272 1123 1134 1158 1132 1097 1129 1131 1084 1100 1044 
1502 1552 1442 1281 1355 1239 1116 1239 1249 1192 1151 1202 1196 1139 1170 1051 
2109 1937 1605 1451 1361 1286 1244 1188 1201 1188 1160 1221 1217 1176 1150 1067 
31844 5136 1937 1555 1375 1303 1238 1213 1181 1182 1246 1172 1266 1140 1097 1142 
64742 10702 2114 1628 1448 1324 1291 1262 1206 1238 1204 1164 1207 1191 1081 1056 
17513 4664 1953 1548 1384 1340 1230 1214 1145 1172 1212 1211 1206 1260 1126 1165 
1942 1795 1560 1475 1323 1241 1219 1282 1181 1231 1231 1196 1160 1259 1152 1087 
1406 1526 1427 1410 1277 1254 1174 1218 1222 1204 1267 1256 1229 1272 1244 1075 
1244 1318 1322 1288 1300 1258 1237 1242 1246 1281 1234 1209 1139 1072 1186 1104 
1141 1209 1241 1239 1151 1241 1210 1226 1219 1220 1255 1170 1213 1196 1208 1164 
1036 1130 1210 1193 1253 1166 1198 1285 1146 1182 1220 1246 1253 1165 1201 1136 
1023 1198 1196 1285 1238 1231 1200 1236 1268 1203 1225 1266 1236 1123 1189 1110 
1079 1124 1181 1170 1197 1157 1147 1189 1197 1162 1248 1105 1135 1137 1131 1116 
1039 1103 1160 1143 1187 1105 1122 1110 1162 1196 1166 1126 1158 1182 1108 1146 
1034 1022 1079 1041 1055 1102 1085 1071 1115 1058 1086 1059 1078 979 1058 1040 
