1264 1229 1173 1128 1118 1055 1118 1105 1087 1015 1090 1059 1019 997 994 1057 
1395 1454 1407 1319 1197 1242 1169 1073 1139 1127 1178 1077 1084 1106 1138 1050 
2163 2014 1566 1422 1338 1231 1218 1155 1226 1163 1144 1103 1198 1182 1140 1080 
30718 5435 1840 1556 1302 1297 1244 1179 1144 1207 1138 1238 1169 1168 1176 1021 
60885 10538 2208 1601 1460 1329 1206 1218 1221 1205 1144 1219 1163 1136 1117 1106 
15114 4758 1892 1531 1387 1303 1249 1201 1193 1235 1223 1174 1231 1158 1125 1089 
1842 1797 1585 1422 1334 1320 1233 1232 1164 1199 1205 1237 1103 1151 1115 1087 
1423 1499 1418 1390 1254 1241 1252 1305 1212 1195 1228 1201 1195 1221 1129 1170 
1167 1301 1373 1267 1276 1304 1260 1188 1199 1254 1208 1192 1257 1142 1195 1025 
1121 1255 1239 1217 1315 1290 1163 1198 1213 1196 1180 1259 1205 1193 1137 1128 
1115 1217 1186 1216 1191 1194 1201 1188 1276 1271 1226 1184 1162 1223 1171 1177 
998 1089 1192 1193 1215 1241 1229 1147 1194 1255 1165 1214 1105 1123 1168 1054 
956 1157 1123 1213 1230 1136 1146 1225 1251 1156 1215 1206 1165 1152 1139 1057 
1012 1061 1182 1165 1169 1184 1170 1066 1177 1179 1118 1173 1137 1138 1083 1037 
1001 1113 1101 1055 1089 1139 1118 1163 1094 1188 1158 1032 1153 1070 1129 1053 
1017 1019 1039 1006 1028 1087 1080 1067 1052 1079 1131 1066 1071 1127 1107 1022 
