129 159 153 165 135 154 159 150 163 148 170 163 156 155 154 170 
144 113 161 135 159 174 136 138 153 159 153 156 139 169 157 169 
135 165 166 152 177 151 131 153 150 149 149 148 176 154 187 154 
166 151 176 169 124 160 159 158 148 162 157 167 155 147 172 156 
5018 530 157 151 141 150 160 138 166 153 158 145 170 155 140 192 
10385 1411 185 162 145 165 140 150 168 173 145 163 156 155 165 178 
2523 489 184 163 146 161 143 128 132 125 145 152 159 161 160 213 
197 173 160 150 150 149 148 138 139 149 162 145 140 168 167 174 
163 153 149 160 148 141 153 146 141 162 184 178 171 177 156 175 
153 153 142 146 155 136 146 149 158 153 156 150 134 136 186 157 
153 146 130 176 164 165 143 153 166 164 147 169 149 159 178 162 
147 152 172 134 153 149 165 167 142 153 153 126 154 155 168 168 
121 142 153 163 173 165 138 165 150 155 164 162 166 160 156 186 
162 144 135 163 166 130 160 165 162 147 141 144 143 162 184 185 
165 144 160 162 169 163 181 160 163 156 160 144 156 165 181 186 
178 159 183 160 180 161 163 170 178 175 150 165 177 154 179 172 
