166 159 166 156 154 135 160 185 192 164 144 173 148 166 147 180 
162 149 147 147 162 127 165 158 162 140 161 163 176 155 183 169 
143 163 139 155 156 142 142 143 160 148 160 164 138 167 146 171 
147 153 168 137 151 132 148 147 144 139 141 175 154 148 162 192 
158 161 142 143 167 186 157 152 147 150 153 156 153 176 156 155 
137 141 153 159 136 179 140 181 136 149 151 150 167 167 172 156 
163 130 157 118 152 155 149 163 152 146 131 141 131 179 144 166 
172 159 161 133 166 145 148 147 158 161 149 153 142 165 155 177 
3301 578 155 151 182 153 147 162 166 155 150 139 148 154 171 178 
11387 1468 193 160 152 170 148 143 139 136 132 164 157 159 155 166 
4897 546 154 152 148 135 154 149 160 156 145 164 180 145 165 183 
162 150 166 149 168 144 159 131 164 149 125 159 139 154 176 157 
143 141 151 153 162 153 132 157 159 154 170 159 168 153 159 172 
153 167 132 140 148 173 145 129 155 142 168 146 158 155 153 186 
142 146 158 134 158 152 149 138 159 136 147 143 140 150 170 186 
176 156 161 141 152 170 161 147 125 155 159 172 183 169 176 203 
