178 163 147 173 150 165 179 169 150 187 175 182 174 171 154 188 
125 146 149 139 154 151 152 160 168 152 178 165 145 149 165 200 
170 146 149 153 155 159 148 141 171 149 166 132 137 162 169 163 
142 172 142 161 133 165 158 137 152 158 152 157 137 162 182 152 
138 142 163 152 155 156 144 146 159 155 150 111 181 174 156 180 
154 170 146 144 161 140 148 162 144 129 132 141 142 169 148 166 
133 163 137 170 143 133 166 149 148 136 134 126 142 149 160 167 
141 138 131 165 142 148 139 153 166 145 164 137 150 167 126 170 
144 128 142 148 156 169 162 161 137 152 144 138 138 147 146 175 
133 154 144 152 129 174 124 157 152 144 165 154 143 157 129 170 
158 129 171 144 134 150 154 147 153 169 156 147 138 144 142 170 
150 142 123 159 128 134 128 149 132 152 136 135 145 145 162 161 
184 159 147 140 151 152 139 156 150 148 124 139 127 161 142 153 
1308 506 176 123 159 154 128 153 169 139 126 150 152 153 147 181 
6216 1295 164 143 138 125 128 166 130 150 150 137 135 126 147 152 
3834 458 145 159 137 129 133 139 152 125 145 176 165 159 133 182 
