1020 1086 1020 1061 1096 1130 1082 1065 1111 1118 1087 1073 1057 1043 1021 1049 
1070 1160 1165 1127 1126 1157 1142 1243 1189 1169 1088 1110 1193 1140 1102 1025 
1145 1163 1196 1200 1224 1174 1163 1120 1199 1205 1194 1192 1126 1203 1132 988 
1220 1249 1298 1149 1183 1307 1209 1198 1281 1203 1152 1212 1181 1175 1069 1019 
1245 1297 1384 1372 1316 1256 1242 1268 1248 1278 1139 1193 1197 1103 1162 1143 
1512 1599 1447 1436 1291 1274 1287 1230 1273 1323 1234 1219 1125 1155 1192 1094 
2120 1890 1673 1477 1341 1290 1357 1297 1147 1275 1231 1246 1184 1149 1106 1107 
25988 5029 1897 1563 1382 1390 1324 1289 1316 1210 1196 1255 1157 1185 1184 1136 
70267 10839 2240 1660 1432 1263 1238 1305 1130 1266 1127 1168 1203 1176 1129 1108 
29127 5143 2011 1578 1406 1305 1265 1215 1216 1235 1215 1220 1211 1210 1134 1100 
2241 1996 1643 1576 1391 1336 1274 1224 1220 1221 1221 1206 1210 1140 1151 1078 
1470 1563 1512 1357 1369 1288 1263 1207 1210 1157 1232 1265 1192 1193 1119 1144 
1266 1249 1306 1328 1288 1257 1201 1233 1239 1201 1201 1173 1164 1203 1108 1112 
1143 1256 1204 1235 1218 1146 1184 1167 1211 1146 1193 1081 1176 1187 1088 1092 
1068 1126 1159 1112 1188 1237 1177 1131 1135 1128 1182 1128 1072 1211 1064 1051 
977 1015 1087 1099 1118 1096 1111 1122 1098 1100 1065 1041 1030 993 1019 982 
