932 971 1020 1043 1057 1033 1017 1028 1039 1067 1041 1109 1095 1007 1030 1021 
1022 1033 1065 1051 1040 1112 1072 1045 1072 1097 1067 1150 1114 1083 970 963 
965 972 1027 1025 1051 1182 1091 1177 1093 1116 1130 1127 1138 1097 1085 997 
933 1041 1042 1083 1105 1137 1086 1074 1123 1160 1096 1147 1136 1126 1133 1116 
983 984 1068 1071 1082 1146 1131 1015 1126 1108 1157 1062 1095 1107 1112 1064 
1000 1033 1052 1052 1071 1139 1109 1117 1100 1066 1156 1157 1144 1117 1100 1137 
951 1004 1106 1057 1143 1125 1123 1147 1113 1164 1098 1166 1174 1193 1145 1009 
959 1016 1057 1169 1062 1095 1124 1097 1181 1124 1151 1164 1128 1097 1076 1045 
925 1093 1092 1090 1148 1115 1077 1103 1155 1157 1173 1128 1140 1143 1094 1079 
1019 1074 1072 1103 1047 1121 1155 1139 1041 1083 1156 1116 1131 1078 1044 992 
1014 1101 1131 1132 1150 1089 1112 1120 1110 1117 1181 1099 1072 1095 1049 1050 
1130 1088 1078 1159 1209 1124 1151 1160 1208 1118 1148 1113 1101 1121 1064 1088 
1183 1194 1183 1158 1168 1161 1098 1091 1122 1134 1140 1162 1108 1084 1040 1040 
1529 1503 1268 1172 1190 1097 1115 1034 1090 1083 1109 1048 1047 1035 1081 1060 
8226 3965 1544 1176 1161 1128 1071 999 1061 1090 1120 1005 1009 999 1010 1004 
31328 8022 1494 1161 1123 998 1042 1030 1006 997 935 1014 1028 1015 901 943 
