150 156 146 175 152 164 177 195 157 152 157 172 150 156 167 147 
147 166 151 157 168 140 170 156 150 175 141 160 144 175 138 166 
167 156 168 160 156 141 150 172 134 167 179 166 174 156 175 138 
158 153 148 159 158 157 161 154 153 158 144 149 177 139 146 161 
178 131 146 168 145 166 160 152 134 152 133 157 155 162 166 147 
176 168 162 146 182 138 162 164 156 172 173 162 160 156 158 175 
4519 572 199 152 143 164 156 141 148 131 150 166 167 162 150 173 
11591 1468 231 157 161 136 171 168 163 169 170 149 160 161 162 170 
4105 563 165 166 163 160 155 154 158 135 154 157 176 145 152 150 
153 172 150 148 152 153 146 158 169 151 159 149 141 157 154 190 
155 172 162 173 177 139 171 163 134 175 146 154 172 181 135 177 
147 136 135 143 146 158 139 150 147 144 139 131 138 158 174 179 
149 157 124 143 143 141 136 156 143 150 144 146 150 152 143 177 
130 141 171 155 154 185 151 172 160 164 168 155 151 154 158 178 
140 153 131 165 157 160 160 157 169 148 154 165 174 151 160 161 
169 160 165 183 143 187 172 153 154 169 168 169 184 185 179 193 
