5123 1110 155 144 148 136 150 135 127 170 123 165 135 139 148 153 
1210 584 157 137 135 148 132 168 139 136 149 153 146 134 164 174 
177 168 142 143 134 126 126 155 142 151 133 160 125 148 151 183 
142 155 152 142 150 149 126 149 134 140 129 142 148 149 159 169 
166 131 136 166 139 158 114 161 125 156 121 141 135 142 154 150 
146 153 133 163 129 142 141 156 146 138 152 163 150 130 135 167 
136 159 124 160 141 146 140 150 147 128 138 159 137 160 141 161 
137 163 127 148 138 149 130 137 135 147 162 153 160 160 169 177 
148 142 149 122 146 142 151 131 143 142 159 155 150 141 165 168 
126 163 156 125 128 148 148 151 150 154 155 144 151 149 178 168 
136 158 134 163 160 150 142 132 123 127 174 128 135 171 155 179 
140 138 142 134 140 155 146 127 143 135 173 153 171 176 164 150 
135 141 151 165 166 171 133 136 155 138 155 140 143 129 144 174 
142 160 147 153 132 153 164 159 130 163 160 128 157 143 157 199 
160 148 155 154 155 153 145 145 160 158 159 135 165 152 155 167 
146 176 160 168 181 147 151 166 141 151 181 184 143 184 157 176 
