935 943 1095 974 1012 1115 1118 1107 1091 1069 1063 1042 1017 1084 1052 970 
971 1046 1056 1135 1103 1098 1150 1061 1120 1141 1182 1121 1091 1068 1097 1028 
975 1064 1034 1191 1134 1152 1177 1145 1186 1186 1191 1137 1127 1122 1114 1059 
1033 1078 1161 1187 1139 1133 1173 1226 1143 1168 1235 1190 1131 1153 1083 1038 
1067 1155 1168 1199 1181 1150 1117 1182 1198 1198 1163 1189 1225 1256 1130 1116 
1105 1116 1184 1209 1233 1278 1183 1215 1145 1175 1144 1215 1177 1157 1156 1128 
1064 1129 1229 1191 1133 1130 1159 1163 1215 1192 1201 1124 1217 1144 1084 1112 
1074 1168 1245 1276 1226 1178 1203 1238 1239 1153 1246 1165 1217 1209 1111 1029 
1248 1263 1298 1283 1248 1226 1234 1202 1179 1201 1193 1192 1079 1189 1143 1110 
1410 1468 1409 1237 1269 1244 1178 1197 1172 1214 1173 1160 1180 1132 1142 1052 
1690 1770 1497 1333 1252 1169 1215 1198 1165 1130 1186 1144 1158 1124 1074 1113 
12528 4558 1868 1400 1235 1194 1207 1141 1153 1211 1233 1111 1140 1153 1155 1129 
53727 9826 1931 1527 1359 1233 1215 1210 1124 1134 1185 1174 1116 1136 1085 1045 
29117 5021 1879 1490 1285 1237 1221 1232 1084 1134 1189 1165 1131 1046 1088 1045 
2246 1836 1515 1380 1262 1252 1107 1146 1161 1118 1094 1136 1099 1112 1070 1027 
1335 1347 1297 1206 1105 1118 1097 1074 1108 998 1064 1026 1036 1071 1034 1006 
