959 981 1047 1102 1040 1079 1114 1125 1111 1109 1030 1081 968 1122 1026 1025 
1037 1085 1136 1161 1130 1145 1203 1137 1179 1124 1072 1073 1138 1077 1114 1071 
1118 1225 1125 1161 1243 1206 1178 1159 1151 1213 1129 1186 1130 1141 1135 1067 
1073 1207 1241 1210 1253 1222 1207 1123 1183 1160 1159 1260 1165 1141 1141 1120 
1138 1295 1268 1235 1332 1212 1321 1247 1223 1231 1225 1176 1200 1180 1131 1016 
1251 1365 1369 1331 1278 1276 1257 1171 1266 1242 1224 1224 1127 1138 1145 1113 
1441 1547 1467 1339 1366 1285 1225 1297 1242 1168 1181 1190 1097 1207 1184 1106 
2050 1944 1652 1520 1415 1319 1266 1246 1243 1245 1183 1138 1173 1276 1157 1047 
21715 4941 2062 1579 1540 1283 1281 1295 1252 1235 1220 1172 1194 1210 1149 1082 
69374 10886 2300 1598 1435 1345 1324 1190 1204 1221 1207 1252 1232 1188 1203 1113 
31381 5283 1906 1652 1400 1296 1339 1302 1268 1228 1192 1224 1242 1201 1144 1070 
2168 2053 1623 1476 1423 1340 1311 1178 1225 1182 1121 1231 1181 1197 1148 1040 
1560 1486 1453 1380 1291 1241 1243 1180 1229 1175 1203 1154 1181 1120 1134 1109 
1266 1336 1278 1223 1253 1272 1221 1179 1181 1114 1168 1188 1093 1209 1080 1118 
1123 1160 1249 1161 1192 1246 1154 1158 1175 1110 1092 1108 1137 1198 1107 1095 
1107 1050 1081 1043 1062 1144 1026 1114 1082 1105 1025 1071 1047 1042 1046 1035 
