31264 8023 1476 1171 1087 1069 978 988 1021 1077 998 1005 990 935 950 1030 
8118 3997 1545 1266 1171 1115 1070 1052 1068 1097 1081 1025 1066 1052 1021 978 
1511 1506 1250 1243 1153 1102 1114 1052 1079 1026 1112 1042 1059 1082 1013 1060 
1156 1182 1203 1119 1160 1192 1060 1123 1101 1141 1122 1090 1066 1067 1098 1066 
1117 1129 1177 1170 1149 1106 1037 1092 1079 1132 1138 1064 1076 1096 1100 982 
1080 1113 1073 1117 1162 1133 1074 1082 1092 1100 1094 1142 1138 1072 1020 1039 
1068 1055 1067 1136 1086 1121 1053 1180 1158 1106 1096 1071 1092 1083 1106 1048 
988 1060 1056 1138 1171 1109 1143 1164 1102 1120 1126 1152 1177 1126 1161 1011 
978 1095 1098 1093 1134 1151 1129 1156 1124 1110 1132 1164 1140 1085 1095 1056 
979 1103 1164 1102 1109 1137 1184 1125 1142 1162 1114 1083 1140 1129 1043 1016 
972 1042 1131 1115 1110 1085 1154 1081 1108 1130 1187 1138 1173 1111 1131 1008 
991 1092 1053 1026 1081 1150 1145 1066 1170 1102 1202 1160 1079 1059 1116 1023 
1011 1078 1065 1175 1164 1103 1068 1141 1128 1122 1094 1097 1163 1113 1084 1080 
971 1057 1038 1070 1104 1155 1072 1105 1104 1106 1144 1036 1139 1073 1097 1082 
1005 1026 1055 1065 1057 1046 1134 1085 1143 1119 1089 1122 1083 1108 1040 1017 
938 997 980 1030 1089 1024 997 1045 1016 1008 1033 1091 1062 1065 972 1053 
