154 153 142 134 152 160 161 158 165 170 156 177 152 158 177 177 
160 156 141 138 167 153 161 177 185 171 133 166 174 155 180 162 
167 160 139 155 165 162 160 155 167 155 133 188 144 175 174 161 
161 172 148 129 166 173 136 137 162 144 160 126 155 138 157 166 
125 171 141 152 172 130 171 172 152 146 155 163 161 157 154 210 
193 179 163 147 151 147 172 142 157 153 150 162 148 165 164 180 
164 166 171 154 157 158 173 152 147 157 160 155 156 175 159 140 
3922 552 136 135 151 132 169 155 174 151 165 170 165 144 176 184 
11488 1379 203 169 152 140 173 118 162 181 145 165 162 162 167 173 
4468 573 176 159 163 152 162 146 144 161 148 163 164 165 147 191 
177 172 140 177 155 140 145 165 141 167 153 161 153 177 186 190 
164 161 191 138 162 141 143 140 144 138 152 166 143 164 125 180 
150 134 160 159 137 137 144 150 137 156 138 138 141 142 165 183 
146 148 135 173 153 144 171 160 135 145 147 137 148 163 157 179 
134 138 135 163 159 146 160 169 146 147 172 174 144 191 162 162 
150 155 161 159 182 149 178 171 166 147 148 145 158 152 170 191 
