994 1067 1097 1090 1053 1073 1136 1077 1083 974 1078 1101 1038 1090 1070 970 
1068 1175 1144 1166 1174 1166 1187 1150 1203 1107 1178 1118 1066 1201 1081 1122 
1179 1205 1280 1303 1238 1172 1163 1266 1216 1129 1101 1183 1146 1163 1134 1028 
1265 1326 1342 1318 1307 1228 1250 1136 1268 1216 1184 1148 1175 1169 1119 1069 
1567 1485 1442 1453 1363 1269 1258 1221 1256 1239 1215 1241 1176 1072 1154 1085 
2200 1970 1669 1504 1461 1290 1295 1309 1292 1319 1254 1180 1145 1145 1165 1130 
29183 5302 2109 1621 1359 1346 1316 1285 1280 1141 1213 1238 1213 1250 1144 1092 
70708 11144 2449 1618 1388 1334 1326 1275 1238 1219 1272 1204 1254 1142 1153 1106 
26140 5095 1918 1695 1393 1297 1334 1189 1262 1228 1247 1192 1218 1121 1140 1090 
2207 2033 1672 1484 1366 1359 1284 1285 1249 1197 1252 1188 1228 1188 1191 1125 
1547 1521 1499 1403 1361 1271 1271 1216 1219 1276 1230 1132 1168 1284 1141 1061 
1234 1352 1391 1283 1327 1284 1254 1271 1203 1137 1230 1175 1086 1139 1145 1129 
1140 1207 1189 1246 1242 1227 1225 1185 1151 1157 1207 1183 1184 1206 1097 1086 
1073 1190 1286 1224 1162 1209 1200 1197 1231 1242 1124 1174 1142 1134 1118 1073 
1035 1107 1129 1169 1068 1122 1095 1112 1178 1090 1184 1141 1153 1179 1098 1071 
1005 1035 1058 1102 1094 1066 1088 1101 1003 1091 1075 1054 1062 1011 1058 1065 
