1023 1113 1172 1255 1030 1043 1070 1104 1055 1103 1033 1027 1056 1132 1100 986 
1130 1186 1221 1200 1302 1208 1229 1152 1145 1129 1146 1116 1127 1146 1084 1067 
1295 1332 1291 1314 1258 1200 1247 1152 1130 1158 1213 1188 1160 1138 1137 1184 
1520 1583 1463 1295 1311 1252 1311 1185 1202 1237 1206 1172 1124 1144 1158 1053 
2205 2022 1658 1477 1307 1309 1260 1257 1251 1223 1240 1244 1210 1154 1198 1122 
31472 5338 2007 1549 1418 1310 1269 1195 1170 1288 1188 1198 1207 1136 1154 1058 
69678 11151 2349 1651 1478 1283 1277 1278 1266 1207 1245 1145 1189 1153 1120 1125 
22031 5037 1999 1634 1468 1349 1286 1222 1212 1228 1203 1208 1161 1221 1098 1102 
2109 1890 1647 1480 1378 1327 1293 1273 1281 1285 1254 1223 1171 1162 1181 1164 
1476 1617 1534 1365 1292 1337 1240 1288 1219 1235 1243 1164 1167 1169 1159 1091 
1251 1291 1373 1327 1278 1186 1238 1218 1226 1296 1226 1220 1190 1167 1154 1153 
1119 1239 1228 1284 1159 1225 1288 1201 1227 1171 1221 1166 1129 1216 1143 1129 
1060 1220 1210 1216 1237 1192 1210 1178 1247 1176 1186 1234 1179 1124 1096 1107 
992 1108 1200 1122 1247 1164 1122 1122 1188 1176 1175 1192 1121 1079 1147 1162 
1031 1098 1171 1148 1209 1129 1083 1062 1191 1196 1104 1158 1085 1095 1110 1085 
972 1063 1091 1074 1051 1091 1093 1042 1085 1096 1014 1014 1028 1059 1023 1005 
