1420 1355 1310 1187 1118 1051 1121 1078 1042 1022 1035 1084 1070 1051 1049 993 
2332 1801 1566 1369 1204 1139 1203 1115 1159 1077 1123 1135 1049 1050 1067 1032 
29460 5125 1809 1548 1277 1173 1180 1175 1199 1165 1131 1141 1188 1102 1123 1055 
53555 9890 2110 1525 1280 1223 1221 1213 1176 1138 1185 1145 1117 1119 1012 1113 
12114 4439 1830 1417 1358 1190 1274 1142 1198 1153 1147 1143 1156 1127 1096 1043 
1752 1710 1508 1422 1259 1214 1208 1209 1222 1222 1200 1172 1138 1153 1146 1069 
1332 1398 1365 1326 1184 1192 1225 1237 1283 1173 1216 1173 1186 1149 1104 1058 
1209 1254 1328 1222 1221 1252 1242 1243 1161 1175 1190 1115 1164 1167 1154 1049 
1155 1248 1324 1193 1251 1253 1153 1163 1247 1217 1149 1155 1179 1161 1177 1076 
1030 1156 1162 1200 1164 1202 1258 1134 1140 1186 1223 1247 1189 1159 1139 1096 
1079 1117 1168 1207 1195 1199 1207 1166 1187 1194 1227 1136 1166 1161 1177 1084 
1074 1139 1173 1178 1196 1171 1207 1128 1284 1213 1197 1172 1183 1131 1059 1121 
1050 1069 1081 1155 1171 1196 1185 1147 1184 1202 1137 1177 1142 1170 1100 1115 
956 1114 1098 1164 1088 1170 1206 1144 1135 1188 1093 1157 1146 1086 1095 1037 
1053 1097 1049 1171 1127 1147 1218 1148 1173 1142 1091 1125 1147 1118 1113 1022 
980 1013 1053 1049 1140 1051 1101 1021 1051 1069 1078 1086 1071 1095 1009 1067 
