174 140 154 130 150 150 159 162 168 146 142 157 159 168 157 169 
152 145 168 150 160 149 158 133 153 143 159 150 163 181 163 188 
164 171 136 159 140 141 162 145 169 140 157 161 155 166 150 194 
4835 596 197 145 151 158 152 134 137 161 161 155 161 154 179 157 
9542 1423 193 172 144 127 173 142 132 148 165 140 159 172 172 186 
2259 524 179 164 135 138 155 131 151 166 143 158 144 141 158 169 
163 150 158 121 163 168 145 128 128 162 159 153 145 152 152 144 
144 138 139 139 153 166 126 154 144 155 149 154 166 172 155 195 
142 149 174 161 142 163 184 147 143 155 161 145 159 147 162 167 
140 151 156 138 179 159 147 144 158 153 154 166 160 186 170 176 
141 154 168 162 162 157 145 148 159 158 137 151 160 171 154 169 
147 124 165 149 148 153 146 149 157 175 150 165 134 154 162 158 
143 158 167 157 170 156 151 140 157 147 157 154 158 153 167 180 
149 166 156 144 152 162 155 132 166 148 137 167 153 172 152 177 
147 155 129 129 122 163 154 165 161 162 160 150 176 163 166 175 
156 148 173 154 165 138 162 148 155 195 148 145 177 168 189 177 
