160 147 186 149 157 173 164 166 169 181 173 185 156 171 176 184 
146 165 155 156 141 157 144 167 154 158 153 181 129 155 136 148 
136 118 140 151 136 150 165 159 148 155 171 171 159 146 160 158 
165 147 162 131 142 141 147 146 146 149 141 143 152 152 175 177 
162 107 131 136 148 146 132 131 151 134 148 120 139 155 167 161 
134 137 147 146 133 142 144 130 143 150 140 172 160 160 151 174 
154 113 127 146 142 117 144 131 135 151 160 154 175 147 181 144 
137 142 138 146 126 151 160 158 139 150 138 130 130 145 165 174 
137 155 139 144 155 147 146 137 143 141 157 151 136 153 139 180 
148 168 157 145 152 143 120 151 143 138 155 142 154 124 161 152 
145 146 145 139 130 141 152 135 137 139 133 143 127 144 156 155 
146 142 139 146 131 125 167 155 145 150 164 142 137 158 157 159 
150 172 143 150 138 144 143 146 163 144 158 162 154 142 158 155 
153 166 138 131 160 130 128 127 131 137 143 143 133 138 159 165 
1225 510 179 139 137 131 142 132 150 155 128 137 150 147 146 150 
5092 1219 194 140 134 133 140 149 136 159 138 164 162 163 150 163 
