146 151 188 152 143 171 170 165 164 173 174 152 188 158 152 168 
182 146 146 154 157 159 170 177 159 188 173 157 142 173 162 187 
138 143 146 143 154 172 170 152 152 159 162 153 157 161 109 181 
143 148 142 142 142 152 139 164 151 152 165 176 165 162 147 175 
152 170 142 136 144 149 166 166 166 160 144 147 185 167 155 161 
133 129 135 166 148 154 137 154 146 150 170 151 186 146 152 181 
164 141 143 142 146 159 151 150 168 145 140 163 143 151 170 172 
153 142 169 139 174 135 155 118 152 172 159 162 145 129 144 165 
143 146 153 160 146 161 162 131 137 145 160 151 156 166 152 159 
155 152 172 142 135 156 148 145 151 172 157 167 163 179 149 153 
2072 477 175 148 134 149 153 163 119 144 141 142 160 149 166 173 
9411 1300 192 134 146 151 164 177 136 141 149 165 156 133 159 173 
4957 499 181 133 138 144 131 141 161 149 147 153 146 159 176 169 
202 152 156 135 141 142 139 159 144 168 152 156 162 143 149 186 
169 185 159 143 153 155 159 142 161 125 154 155 165 147 194 188 
164 144 146 142 157 156 168 140 140 146 163 144 161 167 193 170 
