269 158 153 144 166 167 144 159 161 126 144 135 160 146 148 169 
4182 547 152 147 130 130 123 125 152 131 133 160 144 135 162 165 
7278 1307 150 160 140 132 147 142 140 147 156 156 163 165 160 175 
1463 523 186 149 162 144 144 166 149 143 148 140 140 137 151 172 
177 163 171 152 141 132 132 129 145 151 126 165 138 136 143 159 
145 155 161 157 159 139 146 134 134 148 130 173 157 156 144 152 
146 147 134 165 176 172 167 153 167 147 154 169 167 170 167 172 
134 161 134 172 134 150 160 151 134 154 164 145 127 159 159 149 
138 144 140 172 144 157 133 152 149 171 160 152 123 148 153 183 
133 140 139 138 136 129 132 151 145 143 165 155 164 145 141 174 
152 138 137 148 143 119 141 131 146 164 178 143 175 171 166 164 
128 152 129 150 151 162 144 138 162 162 154 146 135 149 164 147 
149 162 142 134 131 136 154 150 182 160 161 151 135 174 177 193 
150 125 158 164 153 146 150 194 134 165 157 162 148 160 155 156 
154 168 167 133 131 138 141 152 144 153 178 158 151 162 157 161 
155 146 142 171 168 146 158 156 177 146 170 149 169 174 175 171 
