989 941 1029 1047 1054 1092 1043 1090 1099 1003 1151 1047 1002 1029 1114 1049 
1020 1047 1059 1041 1099 1096 1146 1109 1101 1092 1113 1146 1125 1113 1102 1106 
1014 1051 1123 1144 1140 1164 1186 1185 1110 1124 1147 1092 1218 1135 1095 1060 
995 1068 1100 1133 1049 1182 1180 1159 1172 1199 1206 1118 1120 1151 1106 1078 
1001 1059 1087 1215 1183 1148 1178 1180 1160 1166 1115 1213 1160 1181 1081 1021 
1028 1149 1169 1192 1121 1168 1160 1211 1165 1197 1207 1179 1151 1193 1137 1093 
967 1127 1174 1170 1184 1192 1216 1157 1152 1146 1204 1164 1174 1207 1136 1093 
1069 1159 1164 1224 1134 1229 1191 1216 1216 1195 1147 1139 1149 1162 1157 1098 
1078 1240 1196 1188 1252 1237 1203 1223 1179 1224 1145 1158 1116 1176 1168 1096 
1178 1243 1205 1271 1188 1203 1286 1203 1192 1152 1177 1166 1175 1172 1103 1165 
1306 1389 1346 1293 1275 1212 1187 1151 1146 1191 1134 1174 1166 1162 1148 1050 
1685 1692 1423 1360 1252 1287 1206 1166 1217 1190 1109 1190 1135 1188 1123 1032 
10462 4387 1842 1415 1349 1250 1210 1217 1204 1141 1153 1163 1109 1134 1119 1047 
45953 9515 1972 1438 1258 1196 1192 1214 1153 1176 1160 1091 1146 1138 1046 1050 
26778 4768 1732 1409 1234 1205 1128 1160 1100 1158 1070 1058 1105 1070 1079 1077 
2250 1660 1459 1315 1154 1037 1077 1063 1063 1044 1076 1024 996 1042 986 955 
