182 137 161 148 152 163 171 164 164 184 173 174 164 151 177 175 
162 148 148 129 143 149 150 172 148 171 176 166 165 177 189 172 
164 144 147 145 188 132 162 154 194 161 180 145 158 159 141 162 
150 177 131 131 153 153 130 168 151 166 160 170 145 161 149 182 
153 132 162 118 147 148 175 158 144 135 158 165 165 173 160 156 
130 149 165 175 145 132 160 168 152 146 170 174 173 143 151 181 
134 154 154 151 146 145 129 144 149 157 171 129 159 194 175 183 
174 173 153 164 150 178 165 143 149 117 151 174 134 158 135 196 
173 176 167 157 145 148 153 128 136 153 142 133 135 143 136 159 
2722 490 185 162 150 128 147 147 150 156 157 127 165 140 164 171 
10671 1455 195 173 162 148 158 152 150 139 171 160 149 163 148 171 
5018 578 178 159 136 169 139 151 147 166 144 163 158 182 159 191 
185 153 146 148 167 153 171 143 144 171 149 150 154 125 131 144 
159 151 159 152 153 128 149 132 139 149 156 156 137 174 152 164 
157 172 151 151 171 159 148 158 143 189 132 173 184 158 174 168 
152 190 150 189 148 154 154 149 159 151 168 154 163 165 157 186 
