181 165 164 139 138 171 158 153 172 169 161 136 177 168 161 156 
164 172 167 140 159 164 150 152 196 160 165 143 158 161 136 165 
167 156 169 164 141 152 142 133 167 154 181 160 151 154 144 155 
160 149 131 146 148 164 160 143 154 140 157 142 148 154 149 153 
175 143 151 157 145 138 159 152 160 166 152 146 159 158 125 169 
174 171 156 137 123 153 121 154 149 152 187 156 165 164 179 148 
146 126 163 142 174 136 165 165 151 138 162 143 168 157 141 134 
153 147 161 139 171 197 154 173 155 167 187 187 157 187 166 165 
156 171 165 148 162 148 159 163 176 1154 8231 3553 172 160 163 163 
169 141 143 146 158 158 137 158 175 6761 15656 9249 191 183 178 173 
168 154 165 142 150 139 161 159 204 2975 10027 2963 183 174 177 156 
159 148 125 151 154 181 148 160 145 167 179 208 162 136 148 170 
163 125 166 168 159 158 162 151 154 161 185 160 160 130 141 157 
175 166 159 136 144 140 176 149 161 178 141 149 163 152 136 175 
150 153 150 138 174 143 170 143 153 184 153 142 145 146 153 168 
144 146 141 167 131 163 151 168 159 157 144 163 176 159 175 150 
