872 1012 1019 1058 1145 1166 1214 1408 1694 1904 1992 1846 1758 1452 1266 1062 
1077 1016 1161 1180 1154 1392 1452 1745 2194 3049 4363 3548 2379 1715 1436 1184 
997 1096 1115 1200 1300 1385 1548 2044 2911 19287 50349 18103 3173 2031 1474 1254 
1105 1079 1159 1164 1280 1367 1558 1955 3108 31779 91317 54385 3721 2169 1621 1295 
1013 1091 1197 1189 1266 1325 1612 1857 2519 6537 20779 11007 2903 2020 1569 1238 
1023 1062 1164 1145 1290 1331 1410 1864 2100 2650 3006 2611 2201 1707 1497 1227 
1111 1076 1159 1245 1320 1365 1357 1578 1727 1867 1873 1836 1797 1421 1321 1199 
1041 1080 1091 1200 1259 1285 1309 1358 1479 1538 1598 1545 1440 1276 1272 1126 
1056 1101 1086 1133 1195 1256 1259 1284 1331 1467 1333 1398 1322 1220 1204 1116 
1076 1105 1104 1179 1178 1252 1176 1185 1243 1296 1346 1308 1224 1218 1141 1060 
975 1096 1109 1143 1171 1182 1200 1215 1255 1263 1248 1254 1201 1139 1087 1063 
1006 1102 1135 1121 1149 1233 1237 1166 1242 1209 1089 1141 1187 1161 1112 1037 
991 1039 1160 1155 1165 1229 1181 1166 1148 1201 1174 1077 1085 1080 1070 1021 
966 1094 1099 1128 1113 1193 1165 1139 1117 1102 1118 1148 1122 1105 1042 970 
927 1032 1057 1084 1124 1111 1166 1170 1083 1115 1054 1104 1075 1092 999 976 
1003 942 1079 1016 1031 1023 1028 1044 1061 1021 1006 1092 1028 1068 992 971 
