901 963 934 996 1062 958 1030 1065 1005 1055 1044 1113 996 1061 1016 912 
975 1011 1082 1060 1099 1096 1096 1104 1110 1161 1080 1073 1113 1140 985 1042 
989 954 1087 1040 1118 1122 1109 1162 1118 1231 1110 1193 1143 1102 1064 1010 
1034 1160 1091 1175 1177 1152 1206 1142 1243 1161 1150 1153 1264 1124 1104 1060 
1073 1058 1078 1184 1154 1227 1207 1164 1270 1248 1286 1231 1205 1250 1132 1043 
1046 1089 1198 1191 1145 1162 1217 1316 1337 1322 1301 1371 1342 1285 1175 1044 
1050 1084 1200 1165 1255 1214 1257 1312 1417 1317 1413 1389 1377 1352 1264 1146 
1064 1136 1168 1170 1174 1254 1293 1473 1561 1551 1616 1624 1527 1418 1308 1187 
1090 1110 1182 1168 1252 1381 1398 1570 1779 1874 2074 2008 1885 1555 1394 1155 
1050 1164 1196 1239 1277 1389 1427 1710 2139 2865 3317 2897 2332 1789 1541 1203 
1023 1089 1166 1169 1292 1444 1682 1972 2733 7597 29825 16755 3169 2020 1667 1348 
1032 1090 1224 1187 1292 1432 1576 2059 3311 36513 94189 57126 3979 2226 1647 1354 
1002 1149 1234 1174 1329 1379 1580 2046 3123 20998 54463 19027 3372 2153 1626 1286 
925 1033 1145 1177 1281 1368 1454 1702 2245 3107 4271 3529 2425 1827 1486 1304 
898 1076 1087 1136 1173 1282 1352 1507 1813 2064 2177 2104 1749 1588 1376 1153 
983 965 1046 1052 1095 1157 1176 1313 1436 1502 1581 1479 1377 1375 1219 1050 
