935 928 954 1055 1037 1011 1039 1163 1147 1227 1261 1140 1138 1100 1061 967 
977 1016 1016 1029 1116 1127 1163 1325 1383 1350 1423 1375 1362 1276 1218 1082 
967 1117 1119 1125 1172 1253 1299 1417 1549 1688 1726 1634 1560 1399 1298 1129 
1027 1081 1071 1091 1186 1289 1456 1604 1913 2069 2307 2136 1954 1644 1405 1184 
1037 1166 1163 1193 1202 1367 1526 1777 2425 3385 4051 3551 2521 1841 1552 1254 
1045 1117 1186 1216 1286 1500 1655 2092 3138 20849 59660 20501 3612 2164 1666 1304 
951 1070 1165 1197 1218 1473 1662 2186 3553 42893 93005 57183 4182 2330 1749 1293 
978 1083 1215 1197 1311 1424 1631 2108 3107 10559 50950 23824 3364 2211 1675 1326 
999 1034 1129 1186 1223 1363 1544 1794 2302 3131 3819 3367 2423 1886 1524 1266 
1011 1127 1140 1201 1390 1312 1508 1656 1838 2055 2203 2132 1841 1605 1404 1127 
967 1056 1188 1194 1192 1250 1347 1497 1482 1650 1731 1688 1560 1377 1256 1107 
968 1062 1064 1153 1193 1216 1227 1277 1362 1487 1457 1401 1385 1249 1198 1073 
1026 1046 1102 1132 1159 1191 1212 1297 1262 1281 1268 1240 1292 1261 1154 1036 
1011 1008 1045 1042 1145 1082 1166 1138 1209 1147 1134 1175 1145 1105 1124 1017 
973 994 1050 1013 1073 996 1103 1109 1132 1143 1089 1139 1015 1033 1049 943 
953 1014 975 963 974 974 980 1012 1006 1032 1072 960 947 965 981 910 
