173 161 136 154 146 136 150 158 178 2056 7015 2516 202 151 171 142 
144 140 154 168 144 156 178 158 176 3314 12351 6453 181 187 159 145 
155 127 155 160 140 158 151 173 172 516 1669 634 153 166 152 146 
145 152 140 156 150 153 168 163 190 155 204 196 164 167 157 150 
148 155 139 166 139 144 139 145 153 152 151 164 137 142 147 157 
157 154 170 152 147 148 201 156 161 166 158 190 140 148 156 159 
160 146 171 167 140 147 146 151 141 163 146 183 160 148 145 146 
161 138 162 129 156 165 166 162 143 143 133 153 153 159 159 193 
186 144 170 165 152 146 155 154 172 127 174 158 146 158 163 182 
179 154 149 156 167 136 161 170 146 173 153 148 147 167 148 138 
160 169 149 166 153 155 181 162 151 156 150 156 166 166 136 159 
165 178 169 145 141 147 148 144 170 156 155 160 168 158 172 140 
185 159 158 150 160 153 154 147 147 154 135 173 163 161 157 163 
184 140 157 141 147 149 143 164 166 157 184 157 192 157 151 151 
173 137 167 171 165 168 176 169 174 168 172 183 142 180 171 164 
231 207 165 183 182 178 176 165 177 187 204 172 160 154 161 169 
