151 156 119 143 151 143 146 134 147 142 148 156 135 127 137 135 
164 149 129 135 133 148 131 136 164 132 141 166 118 152 113 131 
164 123 146 137 116 135 132 132 152 143 139 152 161 136 135 138 
169 137 134 141 138 139 161 130 149 171 205 166 136 157 132 125 
150 143 170 150 142 133 182 150 170 2876 8479 2465 191 158 128 133 
167 162 150 140 146 162 134 149 188 5711 14026 8412 188 143 144 132 
168 131 138 134 144 142 144 135 134 803 5699 2818 157 140 143 119 
133 146 142 126 131 134 141 152 158 149 158 150 126 126 159 153 
138 123 131 153 138 136 152 129 157 152 147 150 151 127 150 138 
162 146 155 144 119 154 145 131 145 157 120 129 132 141 139 152 
142 160 133 139 145 146 139 147 144 135 130 150 130 124 127 154 
142 142 148 156 151 144 157 155 125 140 161 149 140 151 139 121 
143 141 139 134 132 135 144 144 170 120 138 130 158 144 143 143 
125 146 148 117 137 140 160 150 138 158 146 133 123 158 156 139 
158 157 129 134 163 131 128 145 129 144 136 149 147 158 152 130 
172 145 144 160 172 137 161 138 167 121 135 151 148 164 141 138 
