929 944 951 1015 1059 1051 1131 1226 1212 1241 1344 1250 1149 1192 1075 965 
947 1049 1060 1071 1174 1232 1254 1323 1573 1593 1712 1647 1457 1317 1214 1106 
1042 1056 1032 1152 1189 1225 1473 1550 1770 2130 2156 2009 1867 1566 1454 1133 
1036 1064 1050 1132 1228 1394 1630 1860 2378 3300 4087 3297 2409 1871 1526 1245 
992 1047 1209 1236 1290 1309 1671 1981 3073 21710 56192 19214 3324 2168 1588 1296 
1058 1123 1115 1283 1238 1380 1609 2045 3446 39200 92055 56075 3841 2261 1602 1274 
978 1019 1129 1293 1308 1401 1582 1990 2896 8601 39473 21405 3276 2115 1677 1275 
996 1065 1105 1182 1239 1320 1623 1797 2208 2856 3399 3084 2303 1898 1513 1259 
966 1055 1139 1276 1263 1299 1415 1534 1782 2050 2162 2098 1805 1573 1373 1212 
1018 1104 1171 1129 1175 1218 1275 1402 1471 1626 1637 1584 1563 1414 1287 1195 
1004 1192 1080 1156 1191 1240 1231 1348 1406 1409 1375 1339 1340 1219 1156 1144 
997 1027 1101 1070 1160 1120 1270 1160 1224 1237 1330 1325 1232 1228 1120 1028 
985 1038 1030 1086 1144 1159 1209 1125 1246 1100 1182 1215 1192 1146 1084 1044 
976 984 1064 1041 1032 1108 1160 1122 1198 1147 1174 1172 1078 1079 1065 922 
992 1023 962 1026 1047 1023 1062 1042 1030 1052 1053 1092 1042 1039 1055 921 
939 941 983 985 973 995 1050 931 979 966 974 994 937 1019 951 902 
