184 171 159 168 183 166 138 147 177 168 159 166 136 171 167 155 
165 139 166 151 149 167 155 160 164 168 177 166 164 159 141 154 
163 165 154 134 152 136 143 176 140 142 150 136 150 168 155 133 
181 166 136 158 130 167 137 148 155 147 138 153 128 138 134 176 
155 155 144 164 146 148 163 146 152 161 143 187 140 145 153 173 
152 142 149 156 123 148 145 166 151 163 158 161 136 139 171 152 
174 135 163 141 144 164 164 161 135 165 159 144 142 149 146 156 
154 172 160 145 159 154 151 148 150 176 137 161 139 148 152 152 
157 138 138 119 155 138 163 137 137 186 162 155 149 156 154 155 
154 128 160 186 171 154 154 149 148 164 169 176 146 156 140 141 
148 142 141 146 149 144 156 140 151 165 197 158 146 129 155 161 
138 138 153 147 132 146 165 152 172 585 2876 1351 185 143 138 169 
145 162 133 144 131 102 135 171 173 4575 14927 8479 188 146 146 164 
162 161 158 134 136 144 141 159 166 2681 7993 2429 207 153 152 133 
144 144 158 168 141 163 141 141 185 178 340 248 160 157 159 149 
174 140 153 140 151 151 170 143 167 169 187 179 157 166 141 178 
