178 160 205 149 155 151 156 176 162 158 153 155 152 154 136 168 
155 141 162 144 161 137 145 151 149 152 140 138 155 135 148 148 
149 149 150 162 155 144 118 155 142 145 131 154 158 162 145 140 
164 134 155 127 156 154 131 152 154 146 128 155 137 129 150 159 
156 142 142 137 166 132 150 146 141 154 141 129 153 157 161 146 
185 137 172 147 166 123 132 161 163 154 145 135 154 118 136 136 
167 139 143 144 139 151 149 145 147 131 144 146 161 129 178 177 
160 141 147 148 156 147 128 154 145 134 160 158 140 135 156 159 
163 145 161 147 124 141 168 158 153 163 167 174 176 166 159 147 
128 133 116 152 137 140 130 176 160 829 6006 3029 172 144 155 142 
166 136 146 141 167 161 153 139 182 6134 14696 8748 213 159 154 134 
145 162 161 158 146 137 147 137 157 3092 8868 2686 176 147 152 153 
152 170 153 127 126 132 161 136 134 164 196 211 168 134 151 131 
169 148 150 146 121 173 136 159 153 178 191 156 156 136 146 163 
156 142 157 140 123 152 139 158 124 144 148 158 183 137 133 141 
149 157 163 153 152 153 160 163 141 160 148 140 133 150 162 135 
