222 181 185 155 180 185 173 173 156 182 149 170 163 147 174 153 
190 163 183 150 129 164 151 164 170 186 151 149 176 175 154 158 
180 168 159 156 162 150 135 153 162 162 158 150 144 149 140 151 
184 160 132 146 145 165 156 168 153 157 158 139 163 144 160 151 
177 149 175 164 157 139 168 167 163 151 146 169 179 144 180 151 
162 151 151 159 139 144 145 158 162 136 142 130 156 149 169 140 
189 142 165 148 169 141 148 152 139 150 170 157 138 143 153 160 
179 138 150 152 152 135 167 155 149 149 142 151 155 154 142 138 
153 152 164 172 162 151 137 145 137 155 149 155 137 153 137 147 
173 143 164 172 156 169 126 140 162 146 165 166 151 136 130 155 
163 158 155 164 120 141 137 158 171 139 161 166 137 161 147 156 
168 160 172 179 136 154 138 164 138 150 138 173 174 185 141 174 
187 133 162 168 157 133 148 140 175 124 146 159 158 170 147 143 
175 152 130 165 126 158 166 143 177 179 184 169 138 164 148 156 
163 165 157 158 136 163 156 152 166 523 1332 581 164 156 184 154 
151 163 156 119 164 148 161 159 170 2623 10562 4895 158 172 132 171 
