168 137 143 147 133 116 124 142 142 173 156 139 142 128 139 136 
150 137 137 131 141 110 145 140 121 130 155 136 140 135 148 134 
129 162 148 126 139 150 145 132 130 164 138 130 136 137 130 152 
144 158 135 130 126 130 153 142 136 138 145 153 157 161 129 159 
149 156 158 163 145 145 168 141 153 140 200 195 162 162 148 139 
151 148 152 146 133 148 151 132 137 2748 8952 2647 175 141 147 150 
150 142 133 139 136 162 144 148 146 6294 14189 8580 189 167 147 142 
167 147 166 155 133 138 147 140 165 1068 7574 3148 153 166 132 148 
145 153 141 143 137 156 137 145 155 142 169 167 138 153 131 145 
147 160 141 118 160 119 139 156 140 138 141 167 144 147 157 122 
141 132 138 146 132 125 162 140 109 164 155 112 158 176 126 146 
141 131 134 150 135 132 143 118 149 155 138 149 135 142 116 154 
148 148 161 155 135 140 139 145 131 135 120 125 141 137 130 128 
186 130 171 140 164 149 137 149 153 118 120 119 142 121 160 147 
140 146 154 140 139 127 139 172 127 146 154 150 149 145 149 140 
198 166 150 161 158 155 150 147 151 136 125 169 134 168 144 149 
