994 1060 1090 955 1076 1121 1111 1024 1063 1116 1118 1127 1124 1032 1074 932 
990 1163 1167 1146 1155 1199 1210 1202 1170 1269 1267 1207 1142 1207 1138 1083 
1112 1165 1175 1170 1142 1250 1266 1232 1340 1289 1287 1342 1290 1302 1217 1083 
1005 1134 1205 1178 1231 1296 1357 1331 1347 1381 1429 1406 1399 1347 1278 1056 
1115 1170 1219 1212 1324 1370 1405 1388 1473 1547 1634 1467 1510 1429 1245 1167 
1106 1195 1222 1296 1263 1407 1425 1528 1680 1902 1932 1882 1717 1574 1427 1297 
1094 1143 1264 1265 1383 1407 1604 1775 2035 2280 2519 2317 2130 1758 1494 1236 
1015 1197 1220 1273 1333 1509 1705 2022 2419 3387 4057 3804 2790 2153 1735 1417 
1129 1252 1310 1329 1491 1584 1783 2335 3316 11582 54734 26921 3713 2457 1837 1462 
1134 1179 1205 1324 1457 1558 1882 2444 3838 45765 102503 62854 4533 2649 1905 1518 
1143 1210 1288 1260 1499 1572 1868 2331 3523 22787 66182 23318 3944 2393 1872 1453 
1078 1179 1289 1334 1479 1514 1673 2055 2646 3612 4472 3666 2779 2106 1659 1360 
1095 1085 1254 1346 1410 1444 1597 1813 2129 2407 2524 2447 2091 1781 1487 1356 
1032 1125 1190 1172 1302 1330 1409 1529 1739 1885 1869 1825 1712 1554 1390 1268 
1070 1045 1159 1242 1245 1316 1324 1397 1523 1528 1526 1472 1396 1228 1319 1193 
961 1027 1028 1084 1114 1165 1132 1302 1217 1311 1255 1266 1247 1273 1178 1053 
