995 1039 1070 989 964 999 1074 1037 1076 1031 1062 1055 1060 993 971 967 
996 1064 1074 1067 1145 1069 1117 1102 1156 1158 1073 1164 1144 1099 1022 1067 
967 1038 1114 1102 1139 1115 1157 1235 1149 1138 1170 1170 1158 1156 1072 1019 
1070 1140 1112 1123 1183 1218 1204 1274 1244 1270 1260 1229 1171 1159 1084 1107 
1086 1080 1129 1129 1207 1201 1326 1325 1286 1334 1387 1332 1294 1223 1253 1053 
1096 1108 1168 1179 1228 1266 1283 1335 1504 1388 1459 1444 1419 1337 1229 1188 
1100 1103 1177 1229 1265 1331 1428 1489 1598 1678 1777 1706 1670 1365 1365 1318 
1076 1158 1269 1226 1318 1376 1452 1644 1827 2051 2243 2084 1853 1660 1465 1212 
1029 1121 1259 1244 1276 1421 1649 1832 2363 2994 3570 3128 2434 1918 1519 1276 
1003 1161 1195 1283 1373 1419 1640 2066 3044 8822 41203 22413 3387 2071 1630 1296 
1075 1105 1146 1260 1286 1544 1732 2229 3551 41028 97016 59447 4233 2475 1738 1360 
1029 1127 1152 1283 1284 1389 1655 2164 3179 22367 58951 20793 3506 2182 1706 1303 
1000 1111 1140 1217 1328 1353 1562 1852 2514 3486 4171 3524 2518 1885 1551 1251 
964 1108 1122 1249 1229 1372 1479 1580 1952 2433 2449 2273 1964 1644 1407 1190 
970 1058 1119 1156 1131 1294 1292 1406 1541 1645 1727 1751 1634 1428 1309 1168 
972 961 1061 1061 1123 1049 1253 1282 1297 1372 1386 1337 1273 1179 1176 1099 
