161 167 156 175 132 151 126 172 170 2566 10302 4882 168 184 152 109 
159 149 146 174 144 132 132 150 141 498 1293 535 172 160 156 138 
142 145 162 147 141 137 149 168 153 188 188 179 148 166 170 144 
169 179 142 143 149 149 169 165 146 152 160 160 156 140 161 148 
148 150 179 133 164 132 155 141 147 146 162 168 154 139 146 132 
167 145 160 163 142 167 142 162 162 170 145 159 144 163 170 174 
151 153 180 154 183 135 163 140 143 148 160 150 174 165 148 151 
145 153 148 146 142 157 127 159 130 152 154 137 142 151 142 145 
159 148 158 147 168 165 160 153 145 147 159 143 166 158 146 171 
155 172 159 156 163 171 159 149 145 164 158 133 160 162 176 155 
158 169 132 142 182 147 146 159 142 151 160 153 156 143 153 164 
163 148 138 128 156 173 137 150 147 150 131 140 156 172 154 159 
157 148 173 138 147 153 145 136 152 175 161 133 155 187 165 185 
156 157 151 150 149 159 155 180 163 142 149 172 181 162 159 158 
170 192 167 167 141 157 190 145 159 171 156 162 174 167 151 159 
159 189 184 203 157 164 174 183 188 181 178 146 176 155 166 185 
