927 984 1040 1052 1035 1090 1080 1106 1056 1103 1145 1113 1100 1132 1045 929 
1074 1083 1056 1082 1069 1163 1135 1186 1175 1197 1152 1236 1198 1172 1140 1040 
1011 1155 1121 1164 1147 1204 1291 1276 1310 1395 1322 1367 1330 1279 1186 1171 
1114 1105 1124 1228 1189 1282 1402 1399 1505 1561 1541 1402 1452 1380 1292 1119 
1057 1098 1152 1236 1306 1309 1532 1501 1645 1799 1893 1801 1595 1495 1359 1245 
1099 1163 1115 1268 1283 1393 1625 1751 1947 2391 2481 2329 1976 1755 1489 1339 
1092 1046 1206 1224 1301 1449 1608 2041 2525 3334 4048 3695 2645 1951 1601 1287 
1086 1181 1240 1320 1402 1524 1747 2222 3260 14247 62908 24540 3640 2407 1730 1434 
1023 1145 1165 1293 1457 1465 1886 2509 3824 45865 97893 60164 4382 2475 1846 1464 
1099 1187 1249 1298 1392 1506 1778 2251 3338 18133 66443 23151 3606 2334 1749 1397 
1098 1159 1202 1206 1392 1467 1670 1987 2475 3633 4324 3749 2649 1967 1645 1373 
1052 1096 1197 1241 1263 1346 1447 1753 2026 2395 2510 2341 1950 1697 1486 1291 
1018 1073 1153 1156 1217 1306 1415 1486 1640 1754 1812 1791 1645 1515 1382 1189 
1015 1044 1106 1197 1213 1305 1348 1337 1498 1469 1498 1532 1447 1404 1273 1103 
1021 1075 1081 1146 1129 1167 1193 1246 1362 1348 1317 1342 1373 1301 1128 957 
969 1032 976 1103 1105 1085 1125 1111 1155 1163 1196 1151 1097 1084 1097 1001 
