1104 1011 1133 1087 1030 1132 1087 1089 1080 1123 1096 1055 1082 1087 1109 1015 
1173 1080 1137 1102 1119 1187 1162 1133 1191 1123 1129 1135 1129 1090 1117 965 
1087 1131 1164 1159 1196 1153 1142 1230 1161 1135 1178 1098 1138 1115 1140 1095 
1123 1089 1150 1089 1202 1189 1183 1240 1245 1171 1148 1125 1155 1126 1194 1063 
1118 1056 1219 1180 1197 1145 1216 1209 1255 1176 1213 1206 1217 1178 1093 1011 
1024 1103 1132 1168 1170 1228 1253 1264 1214 1171 1139 1202 1178 1194 1114 1065 
1143 1105 1164 1181 1264 1251 1248 1218 1234 1217 1239 1312 1215 1117 1179 1054 
1137 1051 1218 1210 1163 1160 1242 1136 1249 1219 1279 1223 1164 1138 1125 1107 
1052 1099 1221 1272 1242 1160 1237 1232 1227 1229 1274 1260 1127 1208 1095 1068 
1019 1212 1219 1235 1216 1347 1186 1268 1251 1237 1290 1239 1235 1171 1160 1057 
1064 1154 1156 1170 1213 1266 1268 1317 1398 1306 1391 1291 1245 1261 1207 1086 
1065 1098 1236 1265 1209 1221 1281 1293 1455 1407 1335 1349 1374 1324 1183 1146 
1132 1092 1156 1246 1211 1180 1303 1422 1489 1570 1539 1523 1464 1382 1302 1156 
1057 1135 1160 1202 1151 1262 1303 1499 1654 2025 2236 2041 1633 1416 1212 1112 
1059 1112 1128 1182 1118 1233 1347 1540 1835 4929 10783 5276 2016 1473 1302 1101 
990 990 1002 1032 1129 1111 1265 1428 1944 18000 65701 31373 2071 1540 1260 1057 
