153 162 158 121 156 149 145 165 144 151 153 138 151 169 151 159 
170 146 145 126 149 157 143 143 132 165 144 145 153 159 153 144 
139 143 140 155 151 153 139 146 147 154 134 148 156 139 152 156 
158 153 142 145 152 158 169 129 145 160 164 160 130 163 115 159 
138 155 145 144 148 155 158 163 171 164 169 173 155 172 143 146 
161 139 150 174 154 140 152 141 172 174 201 201 177 170 167 145 
161 146 160 165 149 168 168 157 162 2256 10224 3119 184 153 155 136 
161 155 130 154 175 166 141 158 196 6830 15353 9376 199 154 139 139 
148 149 142 147 139 151 127 154 188 1625 9573 3343 178 159 155 131 
174 156 157 131 135 152 162 156 149 173 181 172 168 154 139 161 
152 172 144 153 149 166 167 125 145 177 174 161 153 151 128 145 
177 147 125 153 162 150 140 137 168 164 168 153 149 151 149 141 
154 167 145 150 170 148 157 140 153 160 147 157 157 148 144 141 
137 176 170 144 156 154 140 125 141 147 125 129 147 127 151 136 
150 168 135 176 140 173 132 180 162 176 147 133 147 151 136 144 
154 141 140 162 155 150 164 144 160 154 163 152 152 167 156 178 
