170 155 155 145 162 149 152 170 153 164 172 142 160 162 151 122 
167 161 138 141 157 152 133 141 144 153 138 152 173 134 148 159 
164 167 148 142 125 147 153 142 165 144 125 183 147 129 143 158 
155 155 144 141 143 156 158 156 144 168 142 145 166 153 139 135 
154 161 156 168 139 121 148 154 158 149 168 161 161 150 168 164 
117 150 159 143 156 123 153 140 147 171 158 155 147 153 144 131 
150 131 158 153 157 155 138 163 154 164 180 184 156 131 138 154 
160 160 144 137 160 134 135 154 135 1511 9530 3186 159 153 137 124 
141 165 151 147 159 159 129 164 179 6744 14975 9003 224 136 129 147 
156 153 158 140 141 150 168 148 169 2228 10099 2948 168 156 169 132 
130 141 133 121 142 145 149 138 137 176 186 177 174 161 147 142 
146 142 127 135 126 159 123 174 145 144 155 154 144 153 137 145 
159 143 135 138 145 148 141 154 161 137 144 146 139 147 134 136 
154 159 144 155 146 134 160 151 145 131 149 156 149 144 142 146 
175 160 155 166 157 156 159 146 156 163 161 153 163 176 125 125 
154 155 163 156 162 168 159 143 163 167 175 132 139 136 149 151 
