1078 1129 1114 1096 1088 1100 1105 1131 1140 1098 1086 1112 1144 1152 1058 1035 
1085 1149 1123 1100 1112 1150 1153 1135 1233 1089 1166 1173 1143 1103 1056 998 
1059 1156 1151 1244 1163 1187 1139 1157 1148 1169 1170 1120 1176 1169 1144 975 
1022 1244 1111 1160 1155 1175 1154 1199 1174 1223 1220 1272 1225 1167 1076 1097 
1081 1115 1251 1166 1227 1267 1171 1225 1205 1280 1303 1204 1228 1182 1096 1058 
1091 1119 1191 1290 1231 1215 1261 1204 1236 1240 1164 1180 1287 1264 1130 1089 
1111 1226 1207 1162 1208 1213 1309 1227 1279 1317 1237 1224 1224 1207 1168 1055 
1114 1191 1217 1157 1252 1257 1257 1213 1338 1318 1393 1298 1246 1247 1225 1100 
1071 1190 1158 1241 1248 1256 1283 1378 1320 1412 1321 1374 1339 1336 1201 1129 
1012 1158 1225 1279 1219 1277 1358 1388 1446 1395 1414 1368 1454 1316 1241 1202 
1042 1131 1178 1197 1249 1276 1316 1466 1537 1505 1580 1541 1483 1465 1315 1122 
1045 1123 1159 1255 1291 1364 1439 1567 1682 1829 1763 1767 1671 1474 1420 1188 
1147 1191 1193 1215 1309 1344 1480 1749 1883 2326 2652 2398 1927 1592 1509 1240 
1132 1124 1177 1290 1308 1365 1450 1796 2330 5844 13540 6837 2538 1857 1436 1264 
1045 1118 1137 1161 1274 1325 1497 1903 2642 24606 80882 42353 3097 2022 1525 1246 
1048 1027 1040 1069 1191 1331 1394 1747 2528 15136 44043 17469 2890 1824 1428 1213 
