139 142 133 140 149 140 123 155 154 159 149 153 133 129 152 135 
156 143 160 136 136 141 151 141 161 181 335 266 156 153 133 153 
153 150 114 129 170 170 173 153 158 2486 7441 2319 208 176 138 136 
155 126 136 132 147 167 153 146 155 4456 14003 8176 168 154 145 162 
154 155 163 163 140 128 165 147 140 570 2723 1246 162 149 155 148 
150 163 152 138 153 123 146 172 172 180 154 156 156 172 147 154 
153 145 141 132 143 188 152 174 147 150 151 133 169 150 165 149 
128 153 153 162 155 150 143 124 138 167 147 139 154 151 144 147 
172 149 158 148 158 144 132 168 128 147 133 140 139 132 162 148 
144 151 147 150 126 143 117 122 146 165 143 134 146 141 148 166 
137 165 139 147 154 131 128 144 136 155 158 146 147 148 150 146 
152 159 163 155 134 139 151 132 136 166 140 152 156 171 141 164 
158 153 163 158 142 145 165 138 147 161 154 139 144 145 121 133 
140 145 146 149 138 159 143 154 158 131 145 146 145 140 149 146 
139 149 129 160 177 141 177 143 150 162 130 153 148 157 141 154 
170 150 161 160 149 165 170 167 155 157 153 159 142 178 157 172 
