213 173 170 170 158 153 183 178 175 169 176 174 179 174 166 176 
179 184 155 142 169 179 161 160 177 162 160 137 165 151 155 180 
195 182 163 145 148 158 152 155 185 171 124 154 159 193 143 153 
180 156 138 172 167 141 182 178 158 153 152 168 165 153 145 181 
165 164 144 181 152 161 166 151 160 166 189 157 153 159 160 171 
194 166 181 168 151 163 156 153 144 154 161 171 151 136 162 167 
170 169 157 167 175 149 160 140 145 146 140 151 166 147 152 159 
184 185 175 151 172 131 157 171 142 163 150 163 146 139 135 148 
152 172 169 153 165 144 163 156 166 146 164 177 130 171 148 173 
177 149 155 133 153 188 162 186 155 166 135 152 147 146 179 155 
144 148 159 180 139 158 157 156 167 157 160 166 155 150 133 171 
177 168 161 158 173 140 158 153 176 189 187 172 147 155 163 135 
171 151 182 154 161 155 157 169 179 583 2203 805 160 143 142 148 
164 143 175 165 148 152 142 186 181 4209 14299 7926 198 167 158 162 
175 152 131 166 169 168 152 153 184 2467 7401 2369 198 173 173 149 
158 176 164 132 141 174 166 183 198 206 431 293 182 167 152 161 
