1019 1091 1092 1136 1212 1272 1444 1734 2507 15626 46456 18808 2858 1821 1432 1191 
1021 1090 1164 1179 1308 1403 1619 1969 2803 23016 78806 42873 3134 1952 1477 1241 
1067 1062 1136 1276 1307 1394 1505 1773 2255 5621 12886 6599 2527 1904 1494 1290 
1092 1161 1206 1262 1283 1399 1475 1627 2017 2293 2760 2358 2000 1700 1462 1262 
1071 1191 1180 1273 1249 1301 1466 1516 1597 1859 1871 1798 1663 1475 1373 1184 
1136 1165 1213 1225 1316 1272 1443 1323 1492 1568 1548 1580 1450 1366 1280 1168 
1086 1139 1187 1213 1240 1294 1326 1345 1409 1352 1439 1417 1332 1310 1300 1131 
1078 1074 1253 1181 1278 1287 1295 1305 1296 1326 1323 1296 1288 1216 1159 1137 
1112 1150 1158 1206 1232 1268 1346 1279 1247 1245 1369 1291 1347 1224 1183 1096 
1170 1139 1189 1189 1264 1239 1318 1309 1261 1261 1316 1270 1283 1182 1215 998 
1103 1181 1212 1254 1209 1227 1197 1257 1176 1307 1334 1234 1273 1177 1161 1068 
1043 1190 1200 1201 1251 1216 1227 1224 1226 1273 1195 1261 1236 1182 1158 1090 
1099 1085 1118 1160 1125 1210 1212 1235 1137 1223 1155 1259 1177 1219 1051 1061 
1055 1104 1098 1198 1110 1176 1230 1176 1165 1266 1354 1174 1193 1132 1124 1002 
1048 1134 1188 1119 1121 1166 1195 1180 1156 1177 1185 1223 1110 1160 1147 1098 
1075 1090 1073 1102 1185 1077 1110 1086 1184 1147 1149 1051 1105 1064 1029 1015 
