906 954 933 980 1044 1118 1148 1275 1481 1463 1568 1399 1409 1263 1162 996 
995 1040 1020 1054 1148 1163 1292 1557 1763 1981 2121 2068 1705 1557 1302 1142 
986 992 1075 1126 1196 1275 1424 1750 2231 3015 3985 3282 2316 1790 1452 1265 
922 1134 1093 1149 1295 1343 1507 1963 2909 20280 51564 17989 3195 2080 1497 1222 
988 1083 1122 1216 1273 1352 1659 2012 3125 35401 90638 54436 3738 2184 1569 1253 
1022 1061 1086 1194 1241 1294 1514 1936 2732 7114 29107 16024 2985 1929 1580 1321 
1035 1055 1095 1116 1269 1353 1452 1704 2160 2668 3106 2858 2269 1797 1475 1211 
925 1050 1096 1112 1174 1290 1311 1541 1685 1870 1989 1952 1771 1467 1328 1157 
1007 1133 1130 1076 1139 1242 1311 1376 1436 1452 1585 1629 1580 1286 1216 1042 
1026 1075 1103 1180 1189 1175 1256 1322 1353 1333 1302 1397 1369 1190 1157 1118 
1002 1020 1086 1162 1096 1111 1247 1260 1195 1215 1265 1244 1186 1129 1091 1025 
979 985 1123 1046 1150 1123 1183 1111 1192 1122 1190 1211 1221 1134 1107 1019 
1034 1015 1048 1122 1092 1097 1122 1155 1158 1101 1145 1137 1115 1095 1152 975 
978 1055 1078 1046 1069 1139 1087 1167 1130 1077 1167 1096 1074 1094 1031 951 
928 997 960 976 1114 1077 1082 1014 1007 1027 1005 1021 1077 1058 974 866 
903 908 932 912 993 945 975 1019 976 988 1030 980 948 1012 985 906 
