137 144 120 145 120 151 155 133 154 150 152 122 161 158 133 137 
179 121 146 128 138 136 133 141 137 148 125 160 155 135 153 145 
155 111 137 133 138 126 148 156 153 169 221 176 160 147 160 147 
113 157 112 147 125 152 109 125 177 2705 7756 2203 196 155 136 134 
156 124 136 128 139 134 136 148 149 5142 14008 8129 208 138 143 130 
137 135 128 156 124 98 141 158 137 605 4057 1952 159 157 169 137 
160 149 156 109 155 136 142 135 166 153 178 166 165 150 137 143 
138 136 120 112 144 139 137 139 132 146 160 148 147 124 140 125 
140 143 142 127 134 148 145 152 128 131 145 166 158 128 133 139 
145 147 147 145 144 118 144 151 134 134 143 146 133 125 129 140 
138 124 145 138 124 129 153 147 150 120 135 137 134 137 122 136 
148 120 157 136 146 127 140 125 146 133 140 147 163 144 150 154 
159 144 128 130 137 149 145 136 146 143 140 146 128 137 150 155 
152 153 141 157 153 142 128 166 157 128 154 141 141 140 149 149 
155 149 150 122 137 163 143 125 147 131 129 136 131 140 136 147 
146 159 157 145 161 131 135 162 158 152 167 155 152 155 127 132 
