965 1085 1133 1111 1127 1100 1108 1182 1192 1136 1151 1165 1107 1117 1140 1034 
1038 1105 1132 1165 1087 1225 1210 1265 1317 1365 1400 1352 1265 1209 1178 1060 
1053 1115 1128 1285 1192 1268 1291 1387 1461 1532 1585 1566 1524 1370 1273 1156 
1042 1196 1171 1182 1295 1370 1474 1583 1683 1820 1929 1803 1695 1533 1311 1206 
1052 1177 1195 1368 1309 1398 1551 1835 2051 2370 2536 2343 2071 1791 1517 1312 
1133 1176 1253 1291 1352 1463 1629 2123 2659 3573 4421 3882 2784 2071 1697 1359 
1089 1158 1200 1287 1384 1505 1791 2323 3456 18907 67957 24022 3760 2429 1831 1415 
1055 1202 1227 1311 1445 1576 1890 2444 4064 46943 100398 62462 4660 2506 1838 1481 
996 1167 1242 1323 1397 1548 1768 2337 3246 14631 64489 25245 3792 2349 1748 1430 
1103 1130 1211 1319 1326 1534 1665 1990 2591 3515 4237 3748 2797 2070 1616 1376 
1053 1202 1185 1283 1387 1421 1572 1785 2094 2366 2568 2438 2045 1829 1455 1325 
1055 1128 1133 1292 1246 1414 1460 1495 1635 1837 1903 1849 1713 1571 1377 1215 
1047 1199 1200 1272 1248 1314 1362 1428 1448 1481 1548 1486 1535 1365 1308 1190 
1034 1075 1104 1180 1288 1232 1267 1273 1329 1357 1343 1382 1314 1281 1256 1088 
1012 1075 1076 1156 1177 1188 1244 1224 1297 1233 1256 1220 1255 1236 1131 1087 
939 1044 1083 1111 1064 1095 1147 1132 1140 1110 1116 1148 1164 1151 1055 1002 
