159 161 143 154 130 152 148 177 164 202 424 292 153 159 158 166 
152 161 152 158 139 168 163 160 192 2438 7308 2351 236 169 143 153 
186 190 160 164 159 159 139 160 197 4105 14664 7783 211 147 166 148 
161 184 146 135 161 163 148 183 202 612 2182 876 171 160 157 158 
176 152 171 140 135 149 146 166 152 182 192 170 160 153 135 189 
172 183 175 145 151 180 183 165 144 178 161 160 164 149 148 164 
182 171 177 131 162 153 160 164 147 159 152 158 142 169 157 167 
174 145 146 157 145 162 164 139 150 130 155 170 146 160 149 159 
184 162 148 149 160 179 166 164 172 156 183 166 142 141 183 176 
152 158 154 156 140 163 163 155 157 161 151 147 157 148 167 178 
156 136 174 150 163 146 141 174 165 148 162 161 141 165 125 164 
167 149 152 160 149 157 157 162 151 173 160 160 176 151 144 158 
140 169 136 134 164 155 173 157 141 138 142 166 144 141 166 142 
173 175 191 158 150 155 167 177 171 167 163 143 154 141 200 180 
172 178 159 161 200 163 185 145 189 172 154 160 167 151 176 187 
181 204 153 165 180 200 183 177 193 178 182 161 192 153 174 176 
