946 970 1086 1094 1052 1113 1022 1063 1149 1029 1042 1116 1064 1089 1053 990 
1048 1048 1164 1045 1049 1113 1123 1172 1116 1164 1159 1112 1118 1088 1052 1033 
1020 1139 1147 1121 1195 1149 1155 1118 1157 1149 1127 1162 1166 1046 1120 975 
1036 1089 1123 1241 1150 1224 1173 1159 1178 1244 1165 1246 1192 1102 1023 1096 
1019 1135 1183 1210 1218 1247 1255 1333 1245 1293 1239 1336 1205 1237 1063 1088 
1064 1109 1176 1147 1157 1278 1240 1252 1304 1277 1281 1286 1337 1325 1168 1086 
1044 1162 1204 1263 1241 1234 1141 1322 1264 1353 1284 1347 1262 1200 1198 1201 
1097 1172 1184 1218 1206 1276 1341 1339 1383 1389 1420 1386 1419 1381 1252 1085 
1022 1107 1158 1196 1265 1260 1358 1409 1462 1628 1627 1673 1477 1328 1320 1179 
1040 1098 1149 1273 1304 1357 1421 1562 1714 1874 2083 1976 1686 1528 1333 1116 
1075 1112 1227 1295 1326 1289 1523 1802 2091 2678 2989 2666 2233 1770 1527 1255 
1017 1161 1240 1309 1348 1384 1707 1963 2756 6599 21669 11406 3079 2003 1616 1329 
1050 1157 1086 1222 1271 1387 1707 2078 3068 32243 94367 55957 3798 2138 1624 1332 
1036 1128 1153 1235 1263 1367 1570 2029 2910 19939 52232 19153 3148 2113 1593 1356 
963 1107 1194 1153 1186 1341 1549 1782 2394 3061 4582 3642 2396 1747 1430 1238 
950 1052 1069 1157 1133 1240 1359 1481 1657 1887 2118 2158 1758 1445 1248 1268 
