988 1045 1074 1065 1117 1216 1256 1512 1936 17224 64555 31882 2208 1493 1152 1088 
979 1077 1120 1104 1136 1239 1330 1410 1795 4576 10296 5125 1968 1519 1323 1057 
971 1132 1158 1189 1286 1238 1287 1471 1635 1903 2182 2000 1669 1431 1249 1151 
1068 1154 1146 1141 1256 1239 1254 1354 1453 1495 1623 1576 1482 1338 1333 1125 
989 1122 1233 1197 1243 1254 1274 1273 1368 1382 1481 1384 1419 1273 1171 987 
1037 1160 1160 1197 1246 1287 1247 1322 1305 1330 1320 1305 1264 1273 1234 1103 
1043 1065 1176 1255 1249 1282 1266 1244 1245 1232 1283 1256 1310 1284 1138 1081 
1070 1154 1142 1170 1209 1248 1253 1216 1170 1237 1245 1197 1209 1193 1146 1054 
1109 1167 1198 1234 1228 1230 1295 1204 1240 1172 1274 1273 1235 1177 1178 1163 
1041 1212 1157 1183 1259 1188 1239 1240 1226 1214 1276 1225 1202 1120 1121 1052 
1092 1147 1191 1184 1254 1176 1242 1307 1204 1164 1210 1164 1203 1176 1158 1064 
1066 1158 1182 1160 1155 1243 1157 1198 1222 1253 1202 1180 1186 1208 1173 1056 
1047 1125 1126 1190 1177 1247 1198 1167 1226 1267 1228 1202 1184 1162 1126 1051 
1050 1048 1094 1151 1183 1139 1125 1199 1119 1142 1151 1261 1099 1112 1078 1047 
1083 1097 1072 1133 1087 1152 1171 1116 1137 1125 1138 1134 1093 1172 1058 943 
953 1058 1095 1123 1101 1096 1175 1125 1147 1089 1107 1021 1070 1068 1059 965 
