168 166 150 169 155 140 126 144 157 170 138 141 154 157 150 146 
180 162 163 135 143 133 156 145 143 148 139 154 137 151 135 159 
154 122 148 139 164 148 155 137 150 168 131 138 152 143 150 156 
165 149 123 169 153 131 145 168 155 155 142 147 165 157 137 156 
162 151 145 131 133 154 125 130 163 137 161 146 145 146 154 141 
154 147 156 158 138 139 122 161 150 160 151 143 146 148 145 131 
165 159 157 123 162 129 120 144 153 147 152 165 131 150 164 137 
161 161 136 133 140 152 140 141 153 149 169 132 153 146 124 136 
186 142 155 144 156 158 128 141 141 140 146 164 136 149 124 132 
147 156 142 132 129 129 134 138 137 167 166 174 170 143 136 150 
151 116 142 123 135 169 131 153 162 634 4153 2121 130 156 154 154 
151 128 145 143 130 145 131 168 159 5226 14465 8536 191 151 144 161 
137 154 132 138 149 133 159 130 151 2814 8180 2449 177 142 154 132 
136 133 150 159 142 138 153 143 164 169 254 184 161 134 178 148 
136 141 143 151 134 162 141 172 152 154 135 154 162 153 150 128 
165 146 141 168 131 146 160 155 156 142 154 133 164 140 162 151 
