1006 1047 1073 1191 1224 1353 1488 1702 2247 3113 4813 3717 2287 1730 1385 1280 
1077 1190 1185 1235 1293 1392 1609 1943 2824 17988 48867 18511 3316 2088 1613 1259 
1168 1219 1250 1268 1380 1472 1641 2104 3054 29715 92244 51543 3515 2058 1632 1326 
1087 1199 1238 1269 1356 1458 1565 1941 2658 6315 17000 8761 2900 1908 1532 1323 
1100 1143 1278 1277 1406 1499 1548 1757 2101 2484 2889 2695 2170 1742 1503 1315 
1175 1276 1291 1278 1278 1439 1538 1625 1833 1889 1962 1931 1790 1631 1366 1314 
1156 1174 1243 1205 1353 1374 1484 1481 1530 1597 1651 1587 1456 1479 1321 1201 
1093 1180 1184 1267 1278 1301 1442 1384 1403 1398 1530 1436 1444 1458 1294 1181 
1140 1176 1264 1261 1311 1350 1326 1348 1391 1433 1462 1406 1304 1323 1261 1196 
1108 1198 1259 1239 1218 1326 1301 1342 1295 1359 1397 1372 1327 1237 1249 1155 
1076 1167 1188 1149 1222 1249 1195 1294 1293 1296 1357 1301 1219 1310 1159 1194 
1095 1177 1200 1268 1211 1227 1224 1290 1341 1251 1310 1361 1292 1277 1147 1093 
1107 1168 1173 1120 1206 1171 1187 1195 1285 1260 1229 1320 1216 1196 1184 1052 
1097 1172 1158 1181 1247 1186 1200 1210 1115 1239 1268 1182 1166 1198 1242 1168 
1131 1147 1157 1140 1219 1176 1194 1123 1175 1179 1196 1228 1177 1113 1144 1121 
1037 1119 1076 1124 1150 1081 1104 1045 1125 1146 1099 1124 1117 1074 1043 1003 
