186 160 180 170 160 159 154 171 196 188 137 166 154 185 160 166 
194 173 162 173 166 164 163 158 182 151 160 155 152 162 152 150 
157 157 166 160 152 151 149 144 151 186 150 142 147 166 174 146 
158 171 130 153 144 166 142 169 164 168 154 175 182 190 166 162 
164 161 174 150 167 185 159 138 143 162 145 161 160 138 155 147 
168 175 149 160 185 130 160 156 155 176 132 169 181 152 155 167 
161 175 180 137 165 149 151 155 136 164 161 162 141 169 146 129 
181 168 158 165 147 155 161 164 170 155 156 169 161 167 162 150 
197 175 151 166 163 151 149 169 149 164 148 164 151 146 148 164 
148 160 169 160 136 141 155 150 133 150 146 139 171 144 152 163 
152 147 155 148 125 179 176 165 159 168 155 175 161 176 154 147 
150 143 145 158 148 140 164 162 164 160 151 152 144 155 155 145 
163 150 137 153 158 170 173 185 164 169 190 165 153 153 165 136 
163 142 150 154 151 144 148 162 185 565 1766 682 166 164 146 132 
170 146 145 152 153 135 166 173 182 3498 12492 6299 175 165 158 156 
160 148 140 146 141 164 163 150 190 2021 6635 2320 212 186 140 162 
