1065 1040 1097 1111 1122 1117 1140 1129 1105 1146 1103 1126 1119 1114 1049 1072 
1070 1138 1085 1136 1191 1203 1154 1184 1150 1213 1174 1161 1229 1080 1085 1066 
1081 1148 1170 1187 1161 1159 1214 1188 1222 1215 1159 1187 1176 1242 1088 990 
1100 1179 1213 1248 1223 1249 1277 1277 1224 1228 1232 1296 1202 1234 1192 1127 
1089 1175 1184 1243 1175 1204 1293 1238 1251 1245 1231 1254 1240 1225 1150 1076 
1149 1251 1262 1278 1274 1256 1233 1251 1267 1322 1237 1277 1238 1185 1246 1158 
1118 1165 1182 1286 1271 1285 1305 1289 1312 1270 1304 1236 1322 1236 1213 1193 
1192 1239 1244 1231 1210 1290 1260 1350 1359 1475 1423 1430 1323 1300 1214 1146 
1072 1254 1232 1283 1281 1328 1352 1377 1498 1449 1507 1476 1397 1410 1273 1193 
1122 1200 1185 1274 1284 1359 1390 1558 1536 1537 1578 1693 1548 1550 1367 1147 
1119 1114 1282 1330 1230 1395 1448 1563 1739 1827 1983 1902 1853 1619 1373 1228 
1082 1217 1265 1249 1345 1347 1531 1778 2158 2580 2852 2616 2162 1834 1517 1223 
1093 1187 1290 1228 1364 1398 1633 2049 2654 6448 16996 8650 2821 1883 1542 1328 
1069 1157 1264 1322 1329 1420 1621 2083 3090 29506 92144 51702 3622 2207 1617 1335 
1075 1110 1187 1320 1316 1381 1635 2009 2920 18106 50059 18586 3258 2090 1604 1275 
1001 1052 1102 1210 1197 1331 1399 1648 2266 2948 4900 3810 2290 1786 1448 1209 
