151 157 169 104 149 143 127 122 139 149 154 145 141 119 154 149 
131 130 126 152 158 136 137 133 137 133 135 125 117 153 123 141 
140 156 143 119 141 152 161 132 149 136 128 144 132 137 144 125 
137 152 144 138 135 145 140 138 156 170 170 170 168 154 129 136 
126 125 155 147 146 146 140 143 138 146 168 171 163 167 134 154 
147 144 152 148 133 142 155 140 144 151 1746 8856 2534 180 158 145 
168 168 120 135 143 140 156 142 138 167 4484 14428 8027 234 148 151 
166 150 149 131 142 131 129 157 144 177 750 6800 2915 152 125 137 
154 144 141 111 132 139 152 143 157 143 142 158 142 137 133 144 
167 128 131 159 129 135 138 151 154 155 153 133 141 150 140 146 
150 122 155 153 138 153 127 136 141 118 149 136 134 141 135 121 
168 155 141 143 138 146 143 127 145 131 137 144 130 153 136 128 
140 163 137 150 155 161 135 136 143 151 139 127 155 131 155 143 
158 149 131 142 144 161 151 158 139 165 107 135 157 122 144 144 
183 142 130 130 156 156 153 125 148 144 157 151 146 131 160 162 
167 149 128 136 157 144 178 138 149 166 158 144 140 169 118 148 
