1035 1021 1117 1053 1132 1156 1183 1123 1144 1096 1027 1096 1054 1052 1040 966 
1033 1123 1068 1129 1163 1158 1157 1138 1166 1102 1128 1211 1086 1122 1044 1075 
1075 1124 1154 1187 1123 1187 1265 1169 1199 1166 1197 1131 1153 1163 1139 1033 
1071 1232 1232 1207 1169 1143 1164 1191 1168 1136 1242 1126 1177 1117 1139 1073 
1090 1135 1109 1160 1170 1193 1185 1194 1168 1150 1219 1225 1125 1147 1158 1014 
1123 1172 1220 1123 1155 1147 1229 1243 1185 1209 1172 1238 1187 1227 1126 1050 
1124 1155 1154 1165 1106 1158 1242 1199 1282 1155 1212 1234 1183 1145 1220 1053 
1106 1168 1179 1162 1177 1190 1255 1181 1230 1221 1182 1203 1218 1170 1148 1095 
1074 1193 1199 1118 1191 1247 1231 1264 1189 1227 1219 1157 1208 1225 1084 1118 
1109 1137 1129 1174 1236 1258 1264 1227 1247 1247 1274 1252 1282 1217 1170 1049 
1097 1159 1214 1194 1118 1225 1194 1278 1297 1290 1403 1313 1252 1277 1223 1053 
1159 1121 1099 1179 1144 1150 1256 1248 1270 1320 1400 1413 1367 1396 1282 1113 
1074 1179 1120 1180 1172 1212 1237 1246 1283 1430 1424 1514 1563 1470 1367 1150 
1001 1168 1143 1133 1183 1170 1242 1289 1395 1563 1876 2228 1838 1632 1353 1204 
951 1099 1127 1204 1117 1191 1249 1290 1502 1801 4450 9957 5176 1978 1409 1222 
940 958 1085 1038 1126 1092 1147 1237 1419 1806 14156 58845 31343 2180 1537 1219 
