1019 1058 1043 1136 1137 1190 1258 1349 1594 2129 2867 4602 3963 2327 1754 1454 
1077 1113 1102 1200 1286 1277 1405 1494 1839 2710 14926 49428 19139 3505 2060 1434 
1121 1159 1186 1224 1282 1366 1422 1635 2002 2831 21787 85652 50107 3547 2037 1543 
1034 1139 1130 1178 1321 1344 1408 1613 1942 2424 6001 15420 8661 2957 1910 1456 
1049 1199 1282 1261 1359 1281 1313 1509 1746 1972 2488 2788 2535 2147 1714 1427 
1084 1269 1195 1204 1319 1307 1351 1455 1509 1789 1884 1979 1911 1779 1504 1302 
1066 1170 1221 1276 1251 1340 1416 1275 1420 1511 1597 1668 1603 1515 1362 1231 
1072 1190 1233 1217 1248 1234 1260 1310 1366 1472 1449 1504 1450 1394 1299 1223 
1100 1168 1250 1242 1244 1227 1316 1359 1376 1400 1433 1355 1433 1352 1293 1151 
1087 1139 1288 1181 1262 1255 1334 1266 1302 1318 1385 1298 1327 1266 1225 1073 
1055 1124 1162 1223 1268 1145 1225 1286 1299 1299 1328 1310 1253 1141 1203 1163 
1130 1149 1212 1251 1212 1287 1283 1204 1222 1297 1294 1322 1246 1223 1202 1064 
1155 1151 1160 1196 1243 1228 1221 1261 1221 1270 1276 1245 1209 1207 1183 1102 
1110 1120 1183 1217 1152 1208 1198 1217 1159 1278 1200 1186 1182 1154 1130 1044 
1099 1103 1141 1139 1116 1174 1144 1160 1155 1166 1095 1153 1087 1144 1120 1054 
1076 1021 1154 1154 1110 1146 1120 1051 1122 1097 1125 1079 1115 1089 1097 1008 
