1046 1096 1086 1124 1108 1108 1069 1127 1093 1072 1084 1093 1092 1096 1061 955 
1066 1074 1250 1150 1221 1197 1109 1187 1128 1166 1196 1191 1157 1216 1063 1062 
1071 1210 1087 1215 1219 1157 1158 1210 1222 1236 1223 1189 1162 1159 1147 1039 
1055 1222 1191 1238 1250 1257 1211 1213 1150 1195 1238 1160 1172 1267 1128 1118 
1143 1139 1178 1201 1221 1194 1180 1195 1185 1234 1245 1262 1254 1224 1130 1136 
1153 1151 1138 1280 1199 1257 1255 1219 1324 1279 1312 1340 1242 1221 1232 1192 
1142 1095 1232 1217 1234 1270 1260 1327 1349 1273 1325 1287 1339 1331 1208 1140 
1067 1246 1203 1246 1259 1283 1223 1283 1315 1335 1400 1341 1387 1284 1276 1177 
1173 1232 1281 1278 1310 1351 1358 1347 1353 1414 1493 1447 1403 1315 1286 1250 
1096 1267 1268 1311 1252 1301 1330 1395 1457 1442 1559 1623 1572 1551 1394 1269 
1113 1194 1212 1223 1263 1358 1401 1548 1559 1777 1869 1901 1941 1773 1589 1282 
1103 1179 1172 1265 1337 1298 1300 1563 1720 1959 2384 2877 2507 2146 1765 1483 
1067 1184 1241 1202 1294 1314 1409 1544 1901 2615 6075 15848 8945 2803 1925 1443 
1113 1149 1159 1231 1269 1339 1439 1551 1983 2836 21776 86283 49822 3637 2138 1516 
1089 1152 1129 1168 1281 1314 1414 1618 1869 2588 14929 48586 18598 3467 2008 1500 
983 1100 1009 1081 1140 1200 1170 1415 1662 2056 2849 4540 3989 2328 1703 1335 
