169 155 165 165 180 140 160 174 167 140 2208 9586 4761 154 152 159 
172 164 176 153 157 134 154 152 135 169 539 1337 612 168 143 143 
184 168 179 176 135 130 142 152 130 129 168 191 167 181 142 161 
175 157 162 150 152 151 168 163 141 155 162 170 134 150 139 162 
146 139 169 145 173 159 159 164 132 136 151 132 175 161 163 146 
142 158 128 152 156 143 157 141 134 146 153 154 152 145 172 149 
166 161 166 146 134 165 142 140 157 173 145 157 164 150 156 149 
145 160 146 154 155 155 163 136 147 152 126 159 168 142 159 134 
167 161 140 147 161 166 135 148 158 139 162 143 143 149 142 127 
168 162 183 150 155 127 133 146 132 164 125 168 146 135 149 170 
155 167 152 165 148 164 168 138 125 173 145 131 136 157 155 155 
190 166 146 152 158 144 168 149 134 174 149 143 147 163 170 162 
168 168 179 170 183 175 129 140 160 137 171 144 149 183 188 173 
124 176 176 155 163 150 147 146 136 119 151 171 166 149 148 165 
193 153 193 150 154 159 161 165 176 176 169 156 186 152 158 153 
181 172 209 176 166 188 167 195 180 162 129 176 177 172 178 189 
