181 193 166 181 180 193 169 148 171 177 169 181 166 155 189 152 
188 174 174 172 155 169 182 161 150 179 141 148 160 157 164 155 
167 163 174 154 166 153 164 151 155 162 178 167 175 150 144 153 
174 166 162 168 160 167 162 134 147 166 143 148 157 153 155 177 
180 169 158 156 194 151 169 165 152 167 133 150 148 156 165 166 
171 177 152 179 161 151 163 166 164 142 166 134 158 147 164 156 
163 156 159 155 138 153 158 169 184 156 151 165 144 161 158 175 
156 154 132 175 138 164 152 170 125 154 156 156 164 167 144 159 
185 165 181 150 173 166 175 163 143 169 151 164 160 145 154 148 
177 152 134 139 165 175 151 153 164 141 148 137 156 154 159 143 
155 148 153 127 136 175 180 146 159 153 147 166 164 143 145 154 
158 154 155 159 152 149 149 137 163 164 165 178 146 158 136 146 
169 136 164 160 137 154 139 122 158 155 147 189 159 168 152 168 
163 141 165 150 146 166 147 147 127 159 502 1533 729 160 160 173 
174 155 132 129 160 142 147 152 189 180 2506 11250 6352 195 140 148 
157 142 171 165 167 160 151 119 134 180 1604 6834 2490 275 157 173 
