974 957 1014 998 974 973 1017 998 1008 1057 1011 1044 1003 1000 984 918 
1041 1080 1049 1085 1115 1099 1088 1070 1053 1049 1163 1087 1072 1085 1101 923 
1023 1088 1134 1150 1086 1138 1195 1156 1213 1149 1192 1218 1141 1144 1079 993 
1102 1083 1088 1172 1142 1137 1212 1169 1125 1214 1257 1207 1239 1198 1192 1038 
995 1076 1084 1171 1166 1191 1212 1197 1267 1271 1330 1266 1287 1273 1178 1142 
1032 1052 1154 1121 1102 1258 1181 1323 1309 1390 1459 1407 1507 1297 1244 1176 
1042 1122 1114 1157 1182 1199 1214 1298 1384 1448 1636 1622 1589 1489 1377 1210 
1021 1043 1114 1193 1293 1281 1347 1498 1479 1742 2023 2096 1997 1789 1478 1279 
980 1049 1153 1219 1190 1271 1416 1491 1709 2151 2772 3304 3030 2406 1787 1434 
988 1110 1170 1195 1187 1245 1386 1573 1978 2694 7362 35648 20924 3081 2139 1502 
1010 1074 1164 1187 1238 1247 1468 1562 2014 3141 29352 93788 53452 4235 2274 1594 
1017 1068 1130 1276 1224 1287 1376 1643 1931 2889 16303 56383 19008 3474 2189 1547 
990 1072 1150 1161 1219 1209 1381 1563 1717 2278 3123 3794 3330 2426 1825 1391 
1035 1030 1088 1071 1199 1300 1270 1341 1578 1792 2080 2246 2096 1763 1600 1317 
1000 1016 1022 1156 1086 1176 1235 1266 1368 1545 1552 1621 1601 1583 1380 1187 
921 1017 1024 1044 1036 1105 1063 1139 1238 1255 1275 1335 1254 1203 1178 1084 
