1046 1071 1076 1098 1204 1189 1286 1431 1519 1647 1984 2130 2108 1795 1586 1362 
1085 1165 1176 1207 1187 1327 1361 1535 1800 2428 3154 4533 3942 2479 1837 1483 
1096 1185 1160 1238 1281 1323 1437 1690 2036 2943 17041 53795 19380 3697 2123 1630 
1066 1176 1197 1232 1363 1399 1532 1772 2161 3059 25525 95547 55741 4021 2313 1637 
1100 1182 1363 1271 1336 1449 1457 1645 2015 2588 6487 20774 12714 3098 2076 1647 
1082 1199 1236 1302 1318 1390 1478 1577 1835 2143 2782 3088 2808 2271 1890 1483 
1121 1207 1182 1282 1370 1403 1433 1509 1654 1826 1937 2047 2009 1796 1612 1368 
1169 1201 1250 1238 1327 1387 1429 1434 1568 1549 1649 1667 1654 1651 1429 1237 
1139 1221 1301 1285 1240 1296 1322 1394 1436 1472 1538 1428 1469 1453 1336 1260 
1133 1192 1248 1237 1286 1305 1362 1368 1363 1350 1411 1390 1346 1381 1284 1136 
1205 1248 1190 1317 1260 1310 1287 1298 1305 1356 1361 1363 1292 1237 1233 1123 
1071 1149 1193 1254 1195 1291 1250 1264 1274 1255 1272 1286 1326 1234 1309 1092 
1127 1183 1242 1211 1278 1315 1334 1213 1324 1291 1364 1264 1270 1227 1219 1142 
1104 1118 1220 1174 1191 1298 1275 1225 1209 1257 1268 1229 1244 1222 1144 1206 
1056 1130 1184 1264 1163 1211 1247 1199 1099 1170 1126 1246 1166 1145 1148 1088 
1071 1068 1131 1079 1137 1105 1120 1141 1131 1080 1102 1127 1121 1095 1146 985 
