994 1035 1096 1055 1075 1187 1205 1253 1290 1465 1520 1645 1562 1471 1293 1183 
997 1108 1049 1131 1214 1239 1391 1387 1582 1821 2077 2234 2126 1962 1598 1313 
1063 1096 1083 1238 1228 1337 1408 1469 1861 2194 3103 4243 3606 2497 1842 1472 
1085 1088 1151 1175 1285 1361 1457 1583 1978 2936 17635 56141 19695 3656 2139 1616 
1071 1158 1203 1316 1265 1306 1480 1681 2012 3213 27683 96305 56057 4248 2228 1635 
1114 1167 1179 1281 1270 1256 1429 1670 2017 2839 6990 27969 17428 3095 2106 1547 
1081 1171 1252 1239 1257 1282 1533 1500 1794 2145 2756 3139 2930 2322 1860 1422 
1176 1185 1174 1217 1332 1312 1331 1418 1568 1843 1999 2173 2073 1785 1561 1386 
1150 1165 1234 1221 1309 1340 1347 1287 1458 1566 1696 1625 1654 1562 1419 1245 
1086 1155 1177 1215 1175 1286 1327 1256 1384 1405 1383 1372 1416 1427 1276 1151 
1030 1165 1218 1191 1250 1166 1229 1200 1291 1372 1428 1397 1286 1289 1219 1107 
1067 1114 1207 1169 1264 1227 1223 1293 1255 1263 1265 1228 1265 1215 1174 1122 
1031 1094 1133 1152 1181 1177 1250 1201 1185 1153 1267 1202 1208 1172 1107 971 
1007 1023 1250 1143 1181 1180 1202 1180 1149 1208 1232 1121 1171 1193 1127 1062 
1030 1055 1086 1200 1157 1122 1227 1081 1157 1176 1110 1196 1168 1127 1158 1027 
959 1015 1112 1059 1113 1069 1062 1068 1066 1074 1130 1024 1078 1037 1059 1028 
