984 980 1055 1012 1105 1239 1255 1354 1610 2314 12285 44349 17915 3115 1729 1312 
1033 1073 1097 1168 1123 1252 1266 1418 1781 2583 18406 74064 41485 3019 1871 1459 
1057 1094 1191 1218 1209 1269 1399 1552 1755 2300 5269 12720 6840 2512 1661 1353 
1064 1140 1140 1162 1240 1297 1369 1411 1634 1810 2264 2556 2280 1893 1551 1424 
1082 1136 1201 1240 1294 1256 1236 1337 1470 1617 1771 1817 1681 1560 1466 1206 
1087 1078 1232 1209 1237 1187 1309 1351 1364 1409 1469 1576 1449 1358 1416 1262 
1095 1095 1224 1243 1288 1321 1292 1258 1390 1329 1368 1437 1394 1393 1282 1137 
1060 1113 1183 1181 1296 1261 1257 1252 1303 1274 1277 1320 1412 1194 1241 1138 
1087 1210 1181 1165 1225 1246 1207 1281 1267 1235 1277 1290 1362 1265 1144 1139 
1078 1102 1169 1195 1163 1243 1272 1191 1227 1218 1216 1246 1199 1244 1231 1067 
1064 1119 1175 1198 1212 1203 1249 1277 1195 1201 1268 1200 1255 1246 1185 1015 
1041 1179 1162 1186 1204 1222 1197 1256 1189 1212 1211 1156 1286 1179 1090 1064 
1198 1232 1150 1170 1133 1137 1250 1265 1128 1177 1161 1236 1170 1134 1167 1090 
1047 1191 1196 1188 1195 1183 1200 1148 1208 1147 1196 1142 1134 1211 1124 1052 
1079 1086 1090 1071 1092 1173 1167 1187 1166 1171 1207 1185 1146 1160 1129 1046 
1055 1119 1078 1143 1093 1096 1136 1140 1147 1107 1084 1051 1021 1115 1104 1082 
