1045 1094 1132 1090 1136 1207 1216 1242 1384 1378 1459 1472 1426 1424 1294 1183 
1125 1086 1181 1151 1208 1260 1361 1461 1527 1661 1755 1756 1773 1619 1485 1342 
1063 1218 1267 1265 1291 1336 1365 1522 1743 1957 2322 2443 2238 2042 1701 1388 
1133 1198 1205 1216 1322 1361 1493 1642 1881 2574 3375 4121 3616 2639 2008 1565 
1137 1196 1280 1353 1364 1456 1415 1701 2266 3242 17551 62733 21278 3784 2287 1656 
1157 1222 1291 1285 1305 1376 1490 1775 2304 3534 31359 102302 59788 4575 2431 1773 
1148 1207 1268 1283 1394 1408 1476 1809 2128 2928 7876 38818 23070 3432 2185 1608 
1158 1203 1197 1219 1270 1339 1434 1658 1925 2420 2917 3563 3303 2512 1935 1587 
1185 1168 1229 1290 1340 1366 1503 1547 1656 1901 2154 2306 2211 1959 1675 1446 
1111 1136 1247 1278 1311 1353 1431 1440 1599 1611 1641 1835 1747 1682 1588 1324 
1085 1153 1197 1304 1330 1328 1376 1313 1400 1473 1473 1622 1475 1508 1366 1238 
1061 1188 1199 1282 1281 1246 1362 1313 1337 1353 1386 1403 1353 1318 1293 1202 
1124 1140 1206 1144 1243 1243 1238 1324 1302 1397 1382 1320 1331 1284 1242 1143 
1078 1169 1188 1148 1170 1198 1231 1194 1204 1272 1298 1339 1255 1262 1148 1145 
1077 1135 1213 1266 1185 1167 1151 1248 1217 1200 1160 1248 1171 1127 1141 1132 
1048 1097 1097 1114 1151 1104 1072 1143 1143 1052 1113 1111 1189 1053 1106 1043 
