179 160 175 167 163 153 139 198 156 161 181 171 164 141 161 154 
185 154 176 151 154 156 178 149 151 158 178 142 134 167 140 150 
161 166 152 149 144 151 170 148 157 163 127 128 158 173 140 156 
172 183 182 153 159 145 157 152 164 115 141 145 130 171 156 160 
166 199 140 140 172 146 160 141 131 175 130 180 145 151 143 140 
156 138 140 164 158 147 187 158 146 128 142 141 146 163 152 142 
156 132 146 166 158 173 159 161 135 164 158 138 165 148 136 129 
161 127 143 167 133 140 171 140 149 149 157 166 151 153 172 137 
168 159 124 136 152 151 163 156 166 168 143 178 164 153 178 146 
170 135 147 138 160 118 145 148 143 147 160 175 171 157 167 153 
141 134 157 147 146 151 146 148 174 177 568 3737 2221 166 146 139 
155 166 153 143 136 147 151 149 182 172 3776 14824 8260 254 130 157 
156 185 165 185 155 165 160 150 159 153 2151 8457 2544 207 173 140 
174 157 140 140 134 156 137 130 165 139 160 238 225 163 152 144 
171 170 145 149 147 137 154 166 149 158 159 142 144 160 173 165 
161 164 162 179 172 158 172 162 149 162 126 179 151 144 182 154 
