193 159 150 163 153 148 157 162 143 159 150 139 158 140 163 150 
180 156 147 149 150 160 144 135 172 145 162 157 163 132 158 141 
171 179 180 135 145 167 175 137 157 163 135 172 145 143 162 169 
152 158 155 137 149 146 150 166 171 173 141 160 160 186 154 165 
180 148 164 135 184 150 127 142 157 164 158 156 166 128 173 143 
176 141 162 144 142 172 142 163 159 167 169 173 167 157 133 151 
178 137 164 146 145 144 169 156 160 178 1372 9699 2862 204 150 150 
161 152 166 150 142 142 134 176 133 174 4990 15974 9091 298 182 152 
160 171 158 159 141 163 152 165 168 182 1045 9015 3091 184 173 153 
175 162 175 173 158 157 138 140 168 177 179 166 187 159 154 156 
185 166 154 150 147 168 162 143 148 158 188 147 142 180 170 183 
145 159 161 172 160 145 141 152 163 140 178 143 179 163 162 147 
176 157 147 165 146 181 139 169 144 136 143 142 143 148 152 157 
174 131 157 142 157 128 146 126 135 146 148 149 169 155 160 151 
178 156 127 148 161 147 166 135 158 139 149 134 162 171 157 130 
197 168 165 161 166 172 168 168 140 172 167 149 153 168 120 162 
