174 156 164 150 150 168 154 176 148 171 164 183 166 178 170 194 
182 156 171 153 151 168 176 181 169 205 188 299 282 185 145 150 
144 176 177 161 168 132 161 153 170 188 2183 7997 2571 213 156 166 
180 172 142 150 159 158 165 157 168 165 3481 14771 8491 241 183 161 
183 144 180 172 144 176 142 170 157 145 557 2712 1455 185 172 171 
154 163 168 168 158 152 173 158 172 161 201 174 159 186 183 168 
154 151 153 150 155 146 159 138 145 184 161 164 190 172 146 170 
168 149 170 156 174 153 170 166 166 141 166 166 155 162 164 149 
155 165 164 156 145 136 149 159 171 165 170 137 154 152 159 160 
205 151 160 173 151 142 154 163 150 145 171 177 149 172 141 175 
174 157 140 161 167 159 150 184 150 165 156 146 147 163 150 171 
173 148 158 162 149 158 140 139 163 164 117 149 165 139 164 152 
178 173 179 163 168 171 158 160 156 164 153 158 172 152 189 151 
150 153 175 157 154 185 163 162 164 170 167 172 143 156 150 173 
173 147 176 155 162 161 171 170 144 167 155 183 142 150 154 166 
188 155 178 177 180 167 168 173 161 149 167 206 176 177 178 157 
