986 1009 1014 1079 1075 1113 1043 1097 1161 1136 1118 1041 1032 1092 1020 972 
1017 1086 1028 1175 1135 1073 1136 1095 1247 1162 1208 1134 1167 1107 1089 1115 
1022 1058 1103 1146 1206 1212 1125 1221 1271 1225 1184 1238 1271 1152 1168 1071 
1057 1078 1216 1180 1177 1229 1249 1374 1249 1375 1336 1356 1289 1318 1208 1128 
1131 1071 1101 1249 1239 1272 1301 1262 1341 1474 1461 1474 1484 1352 1293 1181 
1086 1123 1147 1189 1241 1277 1296 1364 1451 1609 1692 1847 1674 1554 1457 1291 
1094 1162 1178 1159 1248 1304 1379 1497 1687 1895 2194 2269 2226 1843 1635 1433 
1089 1179 1225 1226 1328 1360 1454 1569 1735 2223 3089 3697 3329 2493 1899 1571 
1085 1143 1142 1263 1322 1349 1536 1708 2127 2997 8695 48104 23840 3568 2262 1615 
1134 1108 1185 1262 1310 1411 1571 1763 2202 3526 33125 99257 57447 4565 2366 1723 
1038 1099 1100 1141 1262 1340 1502 1641 2104 3091 15262 63128 20777 3790 2311 1743 
1104 1149 1231 1239 1278 1312 1417 1678 1928 2390 3223 4000 3541 2612 1980 1531 
1024 1177 1160 1284 1281 1370 1358 1557 1604 1929 2286 2434 2185 1974 1687 1392 
1019 1123 1159 1184 1204 1295 1342 1376 1450 1621 1672 1851 1780 1624 1453 1329 
991 1149 1068 1179 1175 1200 1292 1210 1306 1406 1476 1434 1384 1428 1284 1190 
978 1004 1031 1063 1099 1137 1136 1155 1248 1243 1201 1260 1246 1151 1148 1056 
