192 166 173 160 128 160 158 167 162 162 153 145 148 136 155 138 
184 175 153 139 148 150 155 159 160 150 156 149 144 173 163 137 
156 157 146 152 170 143 153 153 127 150 161 154 144 134 156 150 
174 165 159 138 133 123 156 136 148 149 134 145 162 148 147 124 
163 156 147 141 145 144 126 143 165 148 155 145 149 136 133 153 
161 151 168 143 157 133 130 130 153 137 168 182 174 135 128 142 
152 170 140 133 143 165 143 121 156 196 211 164 153 172 153 137 
140 152 133 130 147 140 155 141 128 176 1022 8691 2866 181 185 128 
156 156 148 156 146 152 134 159 153 168 4795 15016 8473 289 157 123 
154 156 157 149 160 146 155 147 172 170 1335 9518 2802 186 143 152 
187 157 122 125 143 143 159 134 140 188 178 171 161 153 164 131 
175 137 147 154 156 159 153 170 163 145 147 173 152 158 145 156 
151 157 160 171 165 146 160 159 153 150 174 148 142 131 134 151 
186 160 174 153 146 155 159 134 160 147 171 176 153 158 127 141 
157 130 154 134 160 135 141 170 154 167 172 144 164 143 160 145 
164 155 145 149 138 155 166 170 158 126 163 161 153 155 151 161 
