1059 1048 1075 1049 1004 1066 1090 1143 1027 1071 1154 1133 1151 995 1048 1022 
990 1055 1058 1084 1105 1070 1177 1110 1096 1196 1151 1181 1085 1163 1081 1037 
1065 1077 1122 1142 1191 1218 1191 1174 1201 1190 1176 1169 1211 1209 1122 1006 
1100 1118 1184 1180 1219 1090 1187 1216 1213 1221 1253 1214 1217 1231 1130 1066 
1067 1145 1128 1152 1222 1283 1253 1213 1213 1322 1317 1292 1245 1213 1154 1038 
1035 1108 1136 1216 1239 1226 1236 1301 1291 1324 1369 1328 1361 1319 1232 1157 
1011 1139 1266 1231 1195 1374 1261 1335 1288 1433 1545 1341 1423 1361 1288 1180 
1022 1044 1184 1299 1199 1254 1406 1382 1449 1545 1603 1662 1577 1538 1499 1235 
1076 1111 1150 1134 1191 1302 1313 1441 1621 1801 1992 2058 2018 1843 1570 1319 
1055 1143 1185 1226 1222 1287 1437 1573 1736 2159 2694 3173 3062 2226 1889 1481 
1109 1076 1229 1228 1268 1342 1549 1673 1966 2696 6596 27110 17336 3152 2106 1498 
1061 1154 1128 1158 1243 1418 1449 1707 2143 3235 27581 95801 55493 4190 2224 1493 
1091 1154 1196 1227 1248 1417 1409 1569 2056 2880 17480 55344 19439 3648 2178 1524 
1050 1126 1163 1164 1225 1319 1323 1494 1805 2373 3080 3994 3629 2465 1812 1515 
995 1122 1039 1185 1145 1211 1317 1453 1563 1785 2032 2176 2058 1785 1572 1342 
984 1036 1050 1038 1106 1135 1114 1192 1318 1410 1530 1608 1585 1453 1341 1225 
