946 910 975 967 1029 1080 1025 1113 1095 1189 1228 1194 1176 1095 1136 1042 
950 1000 998 1097 1153 1065 1191 1209 1307 1303 1334 1390 1321 1301 1187 1120 
1005 1025 1044 1132 1191 1163 1229 1315 1444 1555 1598 1600 1606 1580 1387 1132 
967 1071 1141 1113 1221 1257 1274 1468 1520 2013 2070 2191 2214 1824 1572 1331 
922 1025 1096 1139 1267 1232 1415 1525 1806 2256 3101 3864 3277 2368 1752 1476 
965 1074 1107 1176 1164 1286 1414 1636 1972 2924 14667 58978 19408 3374 2070 1465 
1046 1098 1147 1179 1208 1326 1447 1694 2080 3199 31538 93395 53660 4285 2244 1583 
1049 1063 1141 1175 1208 1233 1421 1564 2043 2845 8231 46198 22122 3247 2170 1435 
982 1114 1152 1145 1133 1283 1366 1506 1802 2317 2837 3432 3124 2427 1782 1363 
960 1115 1142 1147 1158 1217 1271 1455 1537 1878 2116 2117 1941 1895 1545 1420 
1047 1016 1133 1196 1193 1277 1234 1337 1450 1526 1678 1742 1667 1466 1337 1160 
1006 1012 1087 1158 1210 1244 1234 1297 1311 1385 1449 1418 1409 1330 1227 1107 
953 1092 1134 1072 1146 1182 1192 1192 1210 1285 1257 1149 1261 1185 1127 1085 
1004 1042 1018 1043 1099 1136 1134 1160 1164 1227 1138 1102 1174 1107 1062 1058 
1013 1031 991 1006 1031 1115 1060 1116 1108 1095 1061 1124 1120 1047 1078 1015 
893 964 992 994 990 1005 1061 1072 1068 1005 1065 1022 988 1078 956 939 
