170 169 141 138 165 167 158 161 152 174 1584 6564 2439 262 161 145 
173 178 171 161 164 153 135 155 171 176 2582 11400 6390 192 153 160 
164 139 152 166 143 146 154 147 169 174 515 1554 691 180 140 146 
159 158 120 147 153 148 161 153 132 161 169 175 155 136 163 162 
147 148 153 134 157 148 147 130 162 153 182 174 135 152 158 130 
150 146 164 163 160 111 146 149 154 150 188 153 152 148 156 166 
178 142 160 159 155 159 160 121 171 157 148 155 164 127 150 148 
165 157 123 146 158 142 162 147 148 141 159 163 168 139 174 160 
162 161 167 144 150 174 128 165 150 156 160 153 164 140 157 166 
187 123 162 155 143 154 161 143 147 139 155 145 133 151 149 149 
176 142 164 175 160 162 154 159 153 156 164 159 147 171 148 145 
182 167 151 165 155 164 146 152 148 165 168 153 169 159 158 161 
174 170 165 175 131 137 196 177 165 167 152 169 160 150 167 169 
140 163 162 168 161 169 179 176 159 139 156 134 150 157 159 127 
175 158 161 162 159 181 170 166 166 153 156 170 156 139 153 160 
164 174 180 198 165 188 172 193 173 172 176 173 157 159 179 199 
