160 175 173 192 161 171 150 193 144 142 163 188 161 166 158 154 
196 146 225 167 163 174 163 167 142 168 186 174 173 167 162 162 
164 151 152 176 147 157 159 156 162 171 154 152 158 157 147 156 
165 155 161 157 136 163 170 149 143 145 161 149 171 131 152 163 
174 172 145 169 158 134 152 132 118 164 146 138 169 139 156 164 
169 140 163 183 153 144 164 152 157 161 164 166 146 132 154 164 
175 140 172 149 155 149 157 169 148 162 156 140 155 175 135 155 
162 169 135 175 174 144 159 158 170 128 162 134 170 128 150 171 
201 173 169 159 156 145 171 155 166 163 156 142 129 141 144 180 
155 173 186 173 138 157 141 173 154 157 122 164 160 140 140 151 
190 180 153 182 155 194 155 160 153 184 173 143 176 163 157 159 
161 169 157 150 161 150 158 153 157 163 170 181 171 150 158 168 
171 155 155 157 142 143 155 170 169 164 587 1971 981 203 165 148 
165 181 153 138 179 149 139 151 142 183 3083 13464 7548 248 176 180 
173 150 156 133 176 148 168 163 174 153 1946 7404 2483 236 169 168 
166 149 150 138 165 151 145 148 160 185 186 405 335 185 159 175 
