966 1029 1028 1082 1020 1042 1142 1070 1126 1108 1126 1196 1144 1084 1089 1044 
1053 1089 1109 1106 1146 1134 1170 1164 1205 1276 1243 1232 1221 1228 1169 979 
1038 1067 1134 1172 1140 1180 1206 1250 1275 1285 1340 1346 1324 1251 1250 1141 
1116 1138 1174 1159 1218 1208 1351 1308 1394 1388 1385 1488 1480 1383 1290 1143 
1144 1083 1189 1182 1203 1311 1343 1410 1544 1611 1742 1791 1740 1637 1471 1307 
1168 1098 1158 1146 1316 1337 1367 1489 1711 1834 2181 2313 2243 2040 1640 1377 
1061 1120 1110 1300 1281 1377 1493 1611 1917 2451 3307 3856 3468 2643 1949 1499 
1087 1122 1175 1168 1295 1384 1574 1668 2093 3144 10273 57954 22824 3676 2246 1539 
1081 1133 1241 1204 1350 1353 1462 1808 2275 3576 34479 98582 57944 4568 2393 1658 
1107 1153 1157 1275 1317 1421 1517 1726 2146 3058 12526 62613 22030 3637 2226 1630 
1036 1120 1175 1170 1283 1405 1500 1563 1892 2480 3348 4063 3528 2442 1986 1529 
1104 1068 1159 1289 1297 1341 1383 1498 1625 1945 2246 2340 2247 1956 1652 1411 
1029 1108 1178 1210 1271 1243 1315 1408 1456 1654 1687 1771 1722 1550 1500 1306 
1076 1150 1137 1220 1145 1257 1296 1276 1413 1430 1464 1519 1495 1486 1324 1246 
959 1045 1046 1037 1149 1091 1154 1261 1218 1329 1334 1314 1317 1222 1211 1058 
922 998 1031 1033 1036 1097 1138 1194 1149 1125 1167 1178 1124 1123 1136 1027 
