989 1078 1136 1142 1110 1063 1177 1176 1184 1160 1156 1111 1136 1116 1057 1063 
1084 1169 1105 1179 1165 1159 1144 1146 1177 1191 1211 1191 1199 1049 1071 1019 
1114 1099 1154 1164 1200 1214 1262 1321 1203 1229 1274 1243 1276 1206 1122 1040 
1156 1142 1199 1207 1190 1199 1281 1276 1273 1234 1240 1263 1237 1226 1197 1222 
1130 1207 1192 1282 1218 1352 1259 1323 1277 1259 1315 1278 1318 1246 1220 1166 
1135 1168 1228 1281 1317 1321 1354 1375 1267 1250 1328 1340 1332 1324 1340 1197 
1097 1130 1245 1299 1298 1349 1347 1351 1393 1400 1366 1357 1351 1344 1257 1230 
1139 1231 1238 1256 1249 1278 1341 1416 1473 1459 1493 1507 1422 1468 1333 1252 
1138 1139 1296 1198 1372 1360 1412 1495 1590 1564 1664 1651 1612 1588 1398 1298 
1175 1185 1232 1256 1268 1359 1538 1445 1634 1724 1982 2092 2007 1814 1591 1342 
1162 1207 1204 1306 1360 1372 1482 1611 1793 2173 2611 3088 2989 2338 1786 1505 
1122 1176 1264 1282 1382 1370 1492 1691 2048 2624 6383 20924 12308 3047 2131 1563 
1093 1212 1286 1212 1256 1484 1544 1690 2051 3161 25371 95313 56044 3955 2309 1622 
1073 1181 1140 1213 1310 1411 1409 1699 2039 2845 17124 54209 19778 3623 2119 1623 
1084 1118 1091 1251 1294 1303 1412 1585 1814 2324 3186 4426 3810 2444 1787 1501 
1015 1102 1090 1129 1044 1246 1266 1413 1564 1805 2013 2204 2013 1841 1622 1311 
