183 170 190 178 175 167 165 166 178 171 187 161 185 166 178 179 
159 170 140 155 148 165 152 185 170 167 174 162 169 176 164 159 
199 166 163 162 156 175 185 183 163 161 160 166 149 185 166 154 
174 158 174 163 173 157 159 166 153 146 179 153 163 150 146 155 
181 170 179 158 145 175 166 175 157 173 168 175 154 170 175 184 
193 147 169 140 159 159 152 162 144 163 196 131 152 151 163 157 
154 164 173 133 149 170 177 165 147 186 163 145 171 168 142 164 
152 149 165 169 135 143 170 160 164 162 147 164 172 156 159 171 
175 156 184 141 169 167 157 160 168 137 166 163 133 141 158 166 
168 167 180 152 143 143 177 147 171 168 172 182 160 165 145 169 
153 137 145 168 168 153 175 156 161 179 179 193 188 171 128 160 
162 160 178 135 145 153 156 176 177 174 578 2738 1384 179 144 143 
140 180 187 156 158 144 162 159 153 184 3336 14629 8570 244 170 163 
149 168 156 144 163 149 164 167 152 184 2152 8222 2574 251 191 154 
173 159 139 139 155 148 169 177 168 192 176 262 283 170 165 174 
159 162 155 132 141 176 159 164 187 175 161 179 191 172 183 165 
