172 133 182 156 138 149 157 156 161 151 156 146 156 142 155 149 
151 155 172 146 165 149 146 138 158 138 169 161 145 129 160 131 
163 148 150 150 135 151 170 159 146 159 155 143 139 122 134 152 
197 128 146 158 108 154 141 140 154 117 160 132 167 146 143 134 
167 160 142 155 126 132 145 145 133 120 159 128 144 161 173 162 
181 140 143 152 151 144 138 163 139 137 160 138 148 129 143 161 
140 152 148 163 143 137 146 162 139 124 128 170 133 148 136 142 
154 134 136 132 143 144 131 125 137 142 153 163 147 143 145 152 
146 149 139 137 150 132 162 152 138 149 136 164 186 156 168 133 
134 151 129 156 136 137 136 162 154 172 697 5119 2795 160 163 140 
149 164 159 151 130 152 142 149 157 150 4052 14367 7995 261 157 156 
151 151 145 156 146 137 151 117 156 153 2090 8422 2408 204 162 146 
141 151 144 145 151 121 138 132 179 158 169 228 172 155 159 146 
175 138 132 148 157 131 139 146 142 149 131 159 145 148 164 138 
140 143 155 117 118 131 136 140 128 147 150 142 152 175 137 132 
137 165 167 144 140 151 134 149 157 139 134 153 131 130 139 148 
