147 143 166 143 126 136 147 171 141 151 139 129 151 142 141 156 
170 186 132 159 178 137 134 133 136 155 138 159 127 151 151 178 
162 155 149 146 163 155 138 152 151 147 186 239 243 133 149 148 
142 143 139 170 128 157 155 134 161 180 2241 8393 2567 209 138 153 
160 167 156 171 137 151 153 146 140 178 3812 15047 8345 215 159 151 
152 150 166 156 131 141 132 143 146 187 632 3783 2247 184 157 159 
160 149 177 143 138 146 159 146 134 143 172 164 167 168 183 164 
184 148 146 129 155 141 151 143 151 163 158 187 173 151 163 183 
159 159 150 130 159 149 154 141 162 139 157 148 163 173 151 160 
156 158 170 138 128 157 150 140 149 163 169 153 147 168 151 147 
146 144 177 153 131 126 151 145 160 148 159 144 145 140 136 148 
178 153 165 158 160 140 140 160 155 152 155 164 137 144 135 181 
170 156 139 149 168 150 151 142 160 124 173 144 162 132 130 137 
161 141 151 135 165 165 139 143 158 158 148 149 143 165 158 142 
136 177 144 167 159 154 183 150 168 183 149 154 178 154 156 146 
159 161 142 165 169 154 161 160 158 155 156 176 165 166 185 180 
