186 180 150 163 146 151 179 134 138 156 163 360 346 176 161 164 
163 153 137 180 167 183 149 135 145 165 1904 7529 2540 260 174 154 
167 165 148 167 157 167 146 161 171 178 2984 13155 7645 188 172 164 
147 168 152 150 143 174 156 179 165 164 586 1981 910 191 173 138 
167 156 166 160 172 139 150 176 156 161 204 176 153 151 155 159 
151 171 153 148 186 167 149 163 154 165 150 160 161 179 148 160 
184 186 133 180 144 158 165 127 162 141 161 192 149 154 158 156 
154 176 171 154 154 149 175 152 155 159 149 156 150 151 157 172 
167 156 166 137 155 158 166 171 157 153 179 153 170 165 169 137 
148 161 184 165 165 167 155 192 158 173 188 143 170 133 160 142 
165 152 143 152 164 150 149 154 154 178 167 156 162 157 160 152 
168 151 158 171 151 163 163 173 158 163 161 131 157 131 136 162 
177 144 136 134 159 138 136 159 141 173 146 139 162 167 143 161 
178 182 163 170 169 157 164 154 148 137 148 151 140 154 141 182 
205 182 159 167 158 171 147 169 131 135 163 143 142 178 157 156 
171 161 176 179 190 182 175 155 180 180 190 173 156 163 167 175 
