163 166 178 181 188 210 172 180 157 174 164 177 163 158 180 139 
167 185 155 163 163 154 159 167 161 156 148 171 165 165 162 185 
165 149 172 177 146 160 158 165 177 163 145 150 161 140 171 165 
156 172 175 162 147 147 152 149 179 147 162 158 162 162 163 173 
182 162 147 175 147 157 170 141 141 154 150 139 160 156 164 142 
167 150 165 131 163 137 150 168 148 152 135 173 163 150 159 142 
178 169 168 153 157 136 159 164 192 150 160 152 142 152 154 169 
144 157 153 161 146 139 159 144 131 163 131 126 147 176 137 157 
154 162 144 142 139 158 114 161 163 155 138 130 137 169 144 172 
170 169 163 138 160 166 167 165 134 155 143 159 146 144 147 146 
156 160 155 153 146 146 141 163 138 132 144 141 135 145 130 150 
182 148 139 165 168 150 148 176 149 146 149 141 137 172 157 151 
160 156 160 132 165 151 167 146 137 160 159 163 167 146 137 155 
169 165 173 126 163 142 132 154 132 153 165 231 181 164 162 152 
140 164 141 181 142 149 161 156 166 177 528 1357 568 165 149 177 
146 149 158 139 154 136 156 157 142 169 2035 9344 4963 205 174 145 
