996 1128 1058 1129 1151 1110 1147 1130 1087 1188 1110 1159 1056 1027 1058 957 
1037 1098 1163 1114 1129 1165 1201 1127 1169 1174 1088 1159 1123 1178 1094 1045 
1109 1101 1089 1113 1146 1201 1195 1196 1171 1184 1239 1185 1154 1098 1124 1024 
1063 1096 1126 1166 1228 1121 1189 1201 1228 1258 1154 1154 1200 1185 1136 1127 
1112 1136 1180 1156 1205 1239 1228 1299 1215 1260 1214 1244 1140 1141 1171 1092 
1125 1182 1284 1259 1200 1272 1248 1266 1264 1243 1277 1223 1253 1174 1186 1045 
1168 1265 1225 1211 1154 1225 1257 1283 1276 1220 1299 1257 1252 1243 1093 1102 
1000 1153 1193 1212 1204 1288 1296 1234 1233 1267 1354 1286 1224 1268 1116 1078 
1072 1121 1212 1223 1224 1271 1314 1310 1385 1235 1308 1293 1284 1261 1247 1123 
1099 1124 1208 1239 1273 1291 1316 1240 1305 1303 1340 1374 1361 1330 1241 1183 
1066 1136 1190 1207 1213 1235 1291 1322 1410 1454 1511 1479 1562 1378 1374 1173 
1064 1148 1184 1264 1299 1286 1398 1371 1549 1651 1810 1843 1763 1667 1456 1213 
1041 1081 1245 1190 1230 1319 1337 1357 1657 1817 2268 2595 2360 1966 1598 1325 
1036 1039 1167 1205 1140 1309 1325 1479 1666 2179 5334 12552 6817 2527 1884 1403 
1051 1079 1082 1150 1131 1231 1400 1463 1782 2613 18147 73552 41472 3171 1899 1399 
1045 1063 1041 1063 1163 1151 1294 1311 1598 2230 12394 45140 18081 3288 1776 1372 
