155 180 174 176 147 148 148 168 157 161 155 175 174 178 161 151 
176 150 165 149 160 161 144 157 148 152 148 175 166 148 157 170 
174 182 160 162 151 158 140 137 161 156 155 155 170 183 154 151 
158 154 148 170 154 168 181 147 151 177 172 209 184 148 162 173 
177 168 171 179 156 149 132 161 160 176 2206 9414 2793 216 170 141 
174 163 206 148 148 141 145 155 180 197 4344 15648 9055 274 160 159 
154 183 154 133 155 161 172 147 155 179 644 5627 3085 168 148 180 
168 162 150 142 175 168 163 167 167 175 166 186 153 144 152 146 
183 149 157 138 146 161 171 152 167 148 177 179 170 193 135 173 
158 143 170 160 153 156 176 153 168 152 145 153 166 162 185 151 
182 159 145 141 154 168 159 150 167 171 169 151 166 148 129 149 
157 151 165 144 153 157 156 147 152 147 151 169 137 151 169 129 
182 149 148 137 135 126 156 162 160 175 158 157 141 145 134 162 
170 181 166 164 150 167 181 147 145 148 159 169 120 147 147 158 
185 172 170 166 159 150 146 179 136 153 132 171 144 144 144 186 
180 183 170 185 169 188 157 143 176 142 161 164 155 169 178 166 
