181 169 148 155 133 168 163 151 155 175 181 129 144 143 154 133 
173 177 145 173 139 144 162 152 173 138 149 154 141 150 118 167 
175 143 146 164 156 144 131 169 158 147 150 145 183 148 129 168 
162 127 173 162 166 169 158 158 139 158 157 131 150 163 158 148 
154 161 120 152 152 137 146 130 148 179 157 146 156 154 159 150 
171 148 124 144 143 145 140 141 155 154 162 175 156 153 162 155 
180 149 158 140 159 139 129 137 185 164 180 160 172 157 177 166 
147 145 154 135 152 155 157 152 133 168 163 179 180 157 161 144 
156 148 144 180 122 140 131 153 157 170 791 7105 3184 197 146 162 
165 168 149 158 147 151 140 148 150 192 4735 15337 8621 292 156 141 
163 160 124 127 148 144 117 150 147 194 1807 9508 2640 209 162 174 
191 172 146 139 159 168 161 146 166 156 148 199 185 145 138 139 
151 174 138 137 144 145 157 154 137 157 161 157 157 148 156 124 
160 138 159 140 158 138 141 168 144 160 118 177 160 141 136 170 
155 174 164 131 137 150 164 131 159 135 169 127 171 155 156 139 
182 187 160 148 144 186 145 121 159 180 145 144 159 141 145 156 
