1064 1070 1051 1107 1112 1154 1181 1178 1218 1203 1206 1187 1235 1169 1122 1073 
1112 1091 1127 1133 1169 1137 1217 1232 1310 1324 1414 1389 1405 1289 1247 1193 
1093 1195 1171 1157 1237 1267 1271 1283 1408 1511 1518 1592 1518 1431 1396 1305 
1085 1143 1135 1294 1267 1385 1386 1506 1662 1681 1710 1855 1807 1657 1487 1372 
1065 1130 1247 1274 1286 1369 1427 1543 1729 2047 2297 2408 2338 1974 1774 1415 
1112 1181 1201 1234 1266 1457 1410 1622 2016 2542 3474 4208 3687 2668 1962 1538 
1129 1173 1150 1265 1224 1397 1539 1745 2241 3285 12871 65059 22702 3771 2409 1672 
1122 1230 1308 1258 1263 1406 1570 1851 2291 3626 35457 102479 60037 4833 2467 1719 
1143 1219 1238 1244 1302 1369 1578 1749 2263 3108 10553 59773 23767 3766 2340 1724 
1100 1099 1225 1202 1244 1445 1482 1696 2013 2521 3282 3991 3638 2646 2011 1546 
1209 1268 1236 1199 1344 1424 1427 1529 1694 1893 2339 2331 2295 2053 1734 1482 
1023 1151 1183 1309 1292 1297 1361 1450 1608 1687 1797 1857 1875 1700 1504 1272 
1108 1152 1220 1209 1248 1303 1256 1401 1398 1451 1571 1517 1589 1455 1335 1267 
1117 1114 1146 1211 1247 1190 1226 1234 1327 1331 1404 1393 1445 1235 1276 1185 
1073 1096 1073 1175 1151 1129 1218 1204 1205 1283 1332 1286 1233 1208 1269 1034 
1059 1063 1092 1074 1137 1110 1163 1153 1096 1248 1213 1097 1125 1071 1031 1008 
