1033 985 1051 1092 1165 1122 1111 1234 1426 1820 14305 59381 31197 2150 1456 1124 
1016 1123 1136 1115 1192 1212 1218 1346 1513 1694 4533 10130 5291 1913 1432 1177 
1136 1090 1188 1231 1156 1145 1238 1310 1406 1562 1910 2013 1878 1639 1385 1199 
1052 1122 1215 1141 1227 1148 1287 1336 1359 1550 1598 1645 1534 1412 1245 1180 
1030 1095 1176 1178 1205 1197 1214 1267 1347 1349 1365 1332 1333 1263 1193 1061 
1031 1115 1127 1183 1192 1201 1215 1210 1247 1249 1362 1326 1344 1241 1187 1143 
1070 1178 1181 1146 1171 1278 1234 1214 1260 1251 1277 1272 1193 1233 1182 1100 
998 1140 1134 1157 1178 1269 1268 1248 1142 1193 1242 1170 1237 1171 1123 1077 
1040 1173 1180 1164 1180 1244 1177 1149 1222 1244 1203 1237 1198 1193 1109 1018 
1045 1105 1173 1124 1176 1140 1130 1144 1153 1209 1205 1182 1178 1141 1184 1112 
1060 1131 1156 1153 1168 1199 1150 1216 1077 1251 1173 1198 1102 1174 1177 1065 
1137 1167 1207 1183 1178 1227 1201 1180 1171 1276 1214 1175 1178 1138 1157 1060 
1066 1160 1189 1135 1155 1158 1144 1187 1243 1147 1255 1139 1170 1186 1073 1039 
1052 1126 1188 1150 1149 1172 1132 1188 1112 1107 1144 1161 1174 1096 1106 1018 
1056 1012 1160 1160 1155 1171 1182 1172 1109 1145 1145 1120 1151 1071 1114 1089 
1010 1112 1026 1042 1092 1159 1097 1137 1101 1116 1035 1146 1019 1111 1065 1023 
