167 162 149 136 150 164 140 137 147 138 158 134 130 144 149 156 
155 156 141 137 158 128 154 153 155 142 167 161 143 137 135 139 
159 166 133 141 160 122 148 132 149 152 130 168 121 150 141 150 
157 144 143 146 144 148 167 158 141 145 134 142 175 162 161 150 
147 141 130 133 136 123 181 158 148 142 149 164 168 188 148 120 
141 148 148 138 138 141 148 146 133 156 147 1000 8667 2463 239 177 
148 115 137 144 133 150 154 135 164 148 171 2961 14532 7779 339 158 
155 145 139 143 151 139 142 147 149 171 164 598 6048 2691 174 147 
135 140 167 131 150 151 136 116 142 147 157 166 181 154 145 133 
151 141 157 135 149 142 137 126 158 151 150 152 173 144 138 155 
162 133 140 141 138 136 154 138 134 139 136 163 163 129 153 146 
160 149 138 152 149 136 154 147 138 141 132 155 131 140 174 159 
150 135 160 117 152 136 136 128 121 152 127 162 144 151 157 147 
168 155 143 167 172 141 167 139 131 163 163 158 128 124 139 134 
140 132 151 158 139 149 137 148 139 153 173 138 137 144 162 164 
160 141 144 148 156 151 133 153 132 159 147 152 130 152 177 162 
