1040 1107 1111 1144 1106 1208 1127 1195 1235 1302 1499 1545 1615 1588 1411 1319 
1109 1100 1185 1255 1230 1206 1282 1345 1402 1526 1883 2077 2250 2092 1813 1564 
1080 1113 1215 1191 1161 1322 1354 1465 1543 1807 2259 3057 3920 3657 2518 1745 
1044 1279 1230 1196 1285 1284 1366 1520 1727 1977 2870 12719 55327 18879 3886 2072 
1072 1166 1180 1263 1305 1265 1435 1502 1723 2002 3137 21451 95517 52891 4406 2174 
1177 1206 1260 1212 1275 1355 1386 1435 1580 2008 2673 6599 25876 17040 3073 2010 
1183 1190 1243 1234 1199 1255 1430 1468 1527 1758 2107 2673 3217 3060 2369 1849 
1143 1118 1280 1288 1245 1327 1321 1358 1485 1564 1813 2010 2006 2061 1802 1523 
1116 1150 1263 1274 1292 1234 1301 1381 1367 1383 1586 1675 1648 1666 1496 1334 
1059 1230 1190 1215 1264 1310 1358 1317 1365 1426 1472 1516 1471 1445 1419 1343 
1113 1152 1239 1224 1293 1324 1282 1310 1219 1409 1308 1407 1420 1439 1286 1269 
1167 1249 1198 1181 1235 1394 1289 1335 1305 1204 1367 1303 1307 1290 1273 1204 
1157 1142 1214 1217 1273 1242 1306 1227 1313 1423 1313 1266 1257 1244 1294 1103 
1131 1131 1180 1212 1159 1224 1212 1207 1245 1297 1298 1241 1231 1164 1248 1092 
1103 1201 1175 1211 1217 1179 1208 1178 1248 1199 1314 1174 1177 1144 1139 1069 
1011 1072 1105 1057 1103 1093 1156 1192 1148 1125 1183 1144 1053 1031 1043 1051 
