150 139 145 142 163 150 146 138 162 163 171 1099 6508 2470 280 167 
166 163 150 160 145 142 149 160 163 165 182 2009 10212 5838 214 173 
169 139 169 148 162 147 135 142 161 162 183 499 1558 723 165 162 
159 137 166 149 164 156 155 152 167 153 141 173 193 180 170 149 
184 162 150 164 149 174 156 172 156 143 176 142 172 187 184 169 
170 172 139 152 159 154 153 165 145 135 156 159 143 157 147 177 
167 180 158 180 150 146 141 130 165 162 162 155 145 145 156 146 
182 170 146 151 151 149 161 155 168 169 148 154 151 145 150 153 
147 155 182 139 158 171 129 155 130 171 130 153 148 142 147 158 
163 161 142 140 148 169 141 156 165 152 149 181 146 156 166 185 
182 157 154 171 155 144 148 149 146 160 136 160 151 146 151 155 
198 176 141 160 140 149 172 148 145 145 166 148 154 145 146 170 
207 171 166 178 130 149 159 163 160 153 161 152 154 144 170 158 
190 162 167 165 156 170 151 154 158 168 150 149 162 164 155 161 
150 161 148 151 141 172 158 158 167 166 148 146 142 140 194 156 
188 169 179 180 189 155 195 180 145 185 173 167 185 155 184 179 
