1078 1094 1065 1083 1089 1062 1083 1186 1120 1141 1144 1086 1137 1103 1066 1068 
1108 1074 1079 1161 1238 1180 1184 1136 1145 1146 1142 1189 1087 1134 1185 1053 
1034 1089 1162 1167 1169 1166 1237 1313 1230 1202 1186 1188 1226 1151 1174 1081 
1146 1240 1245 1244 1179 1244 1249 1278 1274 1218 1222 1206 1176 1182 1156 1004 
1121 1188 1226 1225 1244 1298 1242 1278 1304 1300 1278 1317 1290 1224 1258 1114 
1058 1256 1167 1324 1266 1278 1283 1332 1264 1327 1186 1311 1255 1216 1210 1123 
1094 1130 1238 1220 1230 1284 1275 1246 1262 1351 1366 1376 1356 1301 1281 1176 
1139 1160 1153 1195 1238 1243 1332 1275 1279 1418 1424 1417 1419 1408 1358 1253 
1184 1147 1275 1241 1324 1293 1323 1307 1354 1489 1551 1608 1678 1615 1501 1325 
1132 1189 1212 1220 1342 1245 1320 1401 1486 1642 1693 1861 1942 1873 1783 1496 
1144 1198 1167 1185 1263 1262 1359 1454 1557 1770 2054 2621 2879 2676 2159 1719 
1097 1259 1234 1227 1238 1296 1338 1425 1557 1937 2506 6169 19221 12385 2820 1856 
1123 1184 1184 1242 1249 1302 1277 1502 1583 1936 2977 19518 88630 50709 4039 2183 
1102 1208 1093 1184 1229 1316 1338 1456 1610 1937 2724 12157 50809 18392 3796 2023 
1068 1108 1141 1150 1147 1258 1364 1365 1490 1580 2085 2915 4166 3782 2395 1757 
1031 1099 1012 1093 1100 1184 1214 1213 1293 1414 1726 1908 1964 1971 1690 1559 
