155 179 138 137 120 141 158 144 149 163 148 1736 8614 4557 185 154 
153 141 168 148 190 130 138 163 153 139 151 504 1284 545 176 176 
158 146 133 143 141 113 146 132 143 148 142 164 196 157 155 155 
157 142 161 142 169 152 128 162 156 174 140 158 146 144 145 165 
159 155 148 133 144 147 167 145 149 125 152 147 154 160 147 145 
181 168 169 152 161 156 158 146 152 156 149 153 149 141 153 129 
156 141 154 151 159 148 156 158 136 139 153 130 156 141 163 157 
179 154 142 163 158 158 146 151 138 156 142 151 174 139 151 152 
167 134 182 165 135 174 155 150 153 129 151 136 148 151 121 167 
183 161 148 188 163 132 146 165 164 160 140 139 123 159 142 150 
164 157 156 145 147 159 158 134 142 141 158 146 138 156 143 136 
153 166 149 148 156 181 171 130 150 163 153 163 145 140 169 177 
177 151 180 167 133 164 147 162 150 164 185 136 141 149 177 153 
171 157 172 152 154 165 156 152 134 172 161 158 139 139 149 156 
182 165 172 151 143 172 150 159 159 164 167 144 178 167 154 144 
158 133 164 138 172 181 186 169 164 188 171 159 187 164 169 172 
