158 168 178 162 145 166 143 155 175 140 149 141 135 117 160 170 
154 161 143 132 122 163 143 150 152 154 149 151 135 151 171 151 
185 147 147 185 158 164 151 145 162 154 158 170 157 180 131 159 
151 144 167 148 170 136 157 174 144 137 147 181 202 199 166 150 
171 150 175 136 149 140 154 152 156 164 160 1285 8562 2561 247 160 
161 155 126 164 137 131 146 147 138 144 189 2814 14618 7897 348 179 
159 162 166 165 157 153 141 144 142 161 170 622 4613 2624 145 171 
174 165 143 146 152 166 159 150 151 147 143 188 159 149 176 156 
182 135 135 141 149 165 169 125 131 162 141 153 130 163 210 138 
153 168 150 152 148 168 151 137 155 157 144 154 158 135 158 154 
179 173 145 146 159 152 148 145 133 147 135 128 151 149 173 154 
155 172 154 162 157 170 144 141 142 167 143 170 146 134 142 141 
174 144 148 150 159 154 151 176 163 142 147 152 150 160 162 147 
167 154 128 152 154 155 177 150 158 164 142 149 165 146 151 163 
184 164 166 191 185 151 152 166 146 168 146 146 138 177 176 166 
184 186 157 147 159 173 173 165 189 152 186 180 168 157 162 172 
