166 166 140 146 154 177 162 154 141 143 126 162 155 152 179 148 
163 156 157 147 158 141 159 152 150 143 166 216 272 299 190 164 
173 152 172 153 157 150 145 120 157 152 184 1410 7767 2365 278 170 
186 184 154 141 166 166 151 170 159 172 162 2608 14086 7656 282 139 
184 174 190 163 162 132 147 172 172 158 156 606 2596 1474 160 182 
178 149 162 148 150 164 146 167 158 166 143 184 177 168 155 142 
143 145 159 170 140 155 157 155 144 141 169 167 163 151 153 142 
167 165 152 154 166 150 161 149 141 150 156 142 171 175 143 158 
153 165 146 151 134 157 176 164 170 149 160 143 153 181 160 152 
177 151 153 142 131 148 144 155 149 151 167 145 157 175 164 147 
149 160 167 152 139 139 145 145 149 145 162 177 155 120 152 159 
175 161 166 144 177 137 154 127 159 142 144 160 157 142 161 142 
184 159 150 143 159 152 125 152 169 159 131 177 151 158 160 158 
145 170 139 162 139 151 166 174 186 152 134 159 162 166 142 166 
201 160 163 153 145 135 170 178 158 149 139 163 140 167 181 173 
182 190 195 172 174 157 199 189 177 160 162 187 178 186 182 153 
