1066 1112 1096 1107 1148 1181 1112 1139 1077 1126 1077 1104 1135 1110 1039 1012 
1071 1227 1180 1120 1165 1177 1202 1138 1170 1166 1143 1202 1146 1117 1092 1065 
1079 1129 1135 1133 1182 1181 1245 1170 1163 1145 1159 1197 1209 1058 1128 1079 
1056 1187 1181 1203 1149 1243 1232 1243 1282 1265 1189 1156 1211 1149 1184 1051 
1149 1172 1120 1180 1224 1224 1200 1180 1277 1308 1286 1224 1216 1182 1162 1101 
1119 1155 1209 1185 1168 1287 1286 1228 1336 1282 1224 1230 1213 1233 1215 1092 
1125 1123 1254 1211 1246 1367 1258 1282 1196 1255 1251 1279 1285 1228 1155 1142 
1179 1222 1177 1229 1208 1259 1269 1295 1304 1283 1293 1310 1261 1254 1291 1132 
1133 1168 1253 1229 1306 1210 1330 1392 1312 1424 1359 1299 1357 1333 1324 1144 
1082 1201 1139 1231 1263 1364 1286 1294 1415 1459 1555 1501 1512 1480 1446 1330 
1093 1131 1197 1217 1202 1276 1266 1350 1331 1510 1702 1806 1814 1736 1684 1313 
1103 1157 1177 1233 1289 1249 1330 1390 1445 1584 1882 2348 2616 2463 2046 1609 
1105 1135 1122 1162 1260 1273 1331 1407 1505 1800 2341 5720 15114 8444 2595 1828 
1056 1181 1132 1233 1228 1257 1287 1362 1578 1859 2636 17025 79342 45616 3600 1983 
1032 998 1087 1161 1189 1248 1199 1346 1464 1646 2412 11178 46153 17869 3698 1844 
938 985 971 1089 1169 1122 1098 1233 1345 1520 1893 2565 4192 3833 2165 1578 
