220 205 192 170 175 191 201 173 174 169 169 179 172 163 156 162 
193 208 178 154 176 175 187 148 164 157 157 149 168 150 153 171 
160 162 148 154 164 167 153 147 122 156 160 151 178 142 135 163 
167 183 155 159 134 151 148 162 160 166 155 139 147 144 164 123 
178 187 150 152 176 176 148 155 162 165 157 152 168 182 136 165 
181 171 175 153 150 164 160 145 153 162 137 153 167 144 150 146 
176 157 167 172 133 184 142 151 130 153 165 157 161 148 136 152 
179 166 147 182 145 153 145 139 146 147 163 150 150 152 174 170 
162 158 166 156 170 140 155 164 159 159 150 128 142 156 200 143 
154 173 166 161 165 141 175 167 159 138 164 170 145 145 164 160 
173 160 159 140 161 160 141 185 151 159 164 166 169 152 148 148 
173 150 157 166 163 147 153 172 145 182 155 180 167 178 138 172 
177 144 123 119 147 150 142 160 151 138 161 598 1928 929 182 148 
162 194 155 157 157 182 155 145 167 152 188 2231 12452 6777 262 146 
180 137 152 151 144 146 124 150 161 165 193 1355 6895 2292 297 153 
166 146 163 140 176 157 158 163 146 167 186 194 415 338 150 163 
