186 177 166 126 168 150 188 164 170 167 182 162 170 127 169 120 
138 170 176 133 151 140 173 159 166 141 146 132 154 149 147 161 
150 176 170 148 160 174 138 162 151 135 136 146 125 154 147 154 
134 168 153 126 149 160 161 150 158 143 165 134 166 144 149 148 
170 162 160 158 140 128 155 137 133 164 151 141 149 149 150 144 
195 154 156 148 139 145 149 133 144 161 163 170 162 163 145 135 
173 144 149 178 147 148 168 141 126 143 161 173 176 160 156 135 
178 143 161 163 153 144 148 141 171 142 173 150 191 170 182 187 
180 151 170 158 154 140 152 142 136 152 147 682 6223 2799 174 134 
170 159 155 145 145 132 148 177 184 151 172 2989 15036 7990 296 165 
159 158 151 146 149 135 150 147 128 160 183 1076 8930 2629 240 146 
187 162 181 153 139 136 154 148 157 179 159 171 208 167 171 165 
208 164 129 156 150 171 155 123 142 169 157 155 159 159 157 161 
157 150 141 142 155 146 126 142 148 176 181 154 158 175 177 139 
141 184 150 150 159 157 143 132 145 159 168 164 156 143 155 148 
174 144 163 186 148 160 150 145 167 154 168 166 161 166 166 140 
