1048 1074 1070 1111 1137 1144 1127 1253 1379 1552 1968 2689 4227 3979 2168 1614 
1111 1078 1101 1125 1216 1213 1323 1326 1509 1854 2445 10884 47073 18766 3644 1835 
1004 1196 1194 1201 1257 1253 1371 1365 1582 1789 2720 16786 77863 46563 3769 1877 
1131 1101 1209 1164 1181 1271 1357 1491 1575 1807 2374 5631 14406 8666 2666 1782 
1093 1184 1218 1177 1282 1365 1294 1358 1546 1638 1847 2373 2699 2488 2039 1543 
1145 1160 1217 1223 1267 1339 1293 1393 1444 1509 1662 1714 1895 1802 1685 1446 
1129 1191 1191 1271 1253 1346 1271 1370 1365 1428 1494 1489 1605 1535 1526 1266 
1049 1181 1206 1238 1308 1262 1281 1333 1390 1376 1376 1414 1398 1348 1267 1206 
1075 1151 1306 1195 1230 1331 1238 1308 1292 1308 1310 1378 1228 1291 1267 1174 
1096 1131 1198 1239 1260 1229 1237 1241 1226 1247 1317 1315 1338 1251 1167 1093 
1138 1204 1187 1217 1210 1245 1261 1275 1249 1240 1304 1358 1263 1182 1196 1101 
1052 1182 1227 1142 1261 1224 1240 1199 1184 1183 1242 1270 1237 1180 1156 1079 
1164 1119 1194 1152 1218 1254 1246 1160 1161 1262 1218 1232 1215 1089 1169 1020 
1093 1111 1220 1152 1186 1238 1180 1218 1128 1202 1159 1185 1266 1160 1106 1021 
1077 1071 1086 1196 1151 1162 1193 1129 1152 1182 1179 1183 1178 1151 1113 1031 
1041 1081 1074 1106 1098 1106 1104 1058 1082 1158 1112 1184 1083 1082 1032 1008 
