945 952 989 976 1047 1020 1016 1030 1044 1031 1128 1043 1010 974 992 947 
914 977 1054 956 1049 1021 1107 1115 1186 1176 1090 1208 1120 1118 1072 1026 
1002 1074 1066 1052 1185 1222 1073 1171 1198 1189 1239 1204 1272 1208 1231 1095 
992 1023 1147 1063 1104 1197 1170 1246 1289 1333 1391 1365 1449 1426 1262 1224 
923 1074 1104 1112 1134 1255 1202 1277 1340 1394 1508 1587 1626 1638 1366 1218 
1057 1074 1147 1148 1164 1238 1237 1325 1459 1578 1729 2016 2056 1992 1782 1498 
1046 1066 1133 1148 1168 1206 1315 1392 1442 1738 2126 2863 3456 3109 2247 1691 
979 1052 1059 1160 1246 1195 1327 1384 1534 1914 2710 7753 48320 19905 3283 2007 
979 1060 1190 1095 1104 1292 1295 1404 1619 2006 3094 22768 92705 50331 4496 2259 
992 1046 1121 1119 1161 1207 1247 1349 1601 1942 2717 8727 53253 18950 3406 2076 
1013 1062 1055 1167 1148 1218 1287 1429 1467 1836 2250 2728 3497 3195 2323 1712 
1053 988 1119 1160 1183 1140 1211 1294 1380 1543 1699 2043 2141 2136 1762 1409 
980 1064 1073 1070 1148 1112 1184 1275 1374 1325 1507 1613 1668 1644 1424 1286 
1075 1084 1082 1071 1152 1108 1208 1227 1245 1337 1334 1399 1380 1340 1219 1149 
963 1008 978 1028 1066 1104 1121 1119 1103 1163 1226 1220 1226 1175 1148 1091 
972 1024 975 995 1022 1026 1066 992 1106 1130 1079 1092 1061 1104 1010 1028 
