1001 1042 1098 1135 1115 1154 1137 1113 1106 1076 1081 1116 1123 1101 993 1106 
1029 1167 1167 1118 1195 1245 1207 1251 1175 1182 1195 1236 1127 1089 1207 1106 
1121 1174 1126 1185 1179 1209 1273 1215 1219 1229 1203 1218 1231 1195 1135 1085 
1168 1175 1181 1267 1270 1267 1205 1249 1306 1311 1297 1200 1288 1225 1155 1168 
1184 1224 1198 1214 1218 1286 1288 1266 1302 1294 1342 1293 1341 1281 1255 1134 
1145 1229 1300 1296 1226 1285 1279 1356 1304 1330 1336 1325 1388 1340 1364 1189 
1107 1168 1197 1163 1250 1347 1255 1344 1350 1414 1465 1446 1465 1452 1404 1302 
1078 1118 1176 1243 1289 1279 1297 1352 1445 1428 1520 1731 1691 1691 1528 1380 
1093 1233 1209 1270 1293 1349 1378 1383 1483 1580 1832 2077 2165 2010 1795 1535 
1174 1184 1219 1223 1368 1271 1345 1443 1542 1783 2068 2631 3154 2841 2309 1783 
1114 1145 1197 1134 1264 1319 1399 1530 1625 1959 2584 6533 25115 17009 3179 2052 
1058 1184 1269 1265 1294 1259 1405 1486 1680 2069 3019 20802 95092 54200 4425 2226 
1134 1156 1225 1286 1283 1391 1414 1466 1692 1947 2775 12502 56166 19675 3898 2057 
1106 1221 1158 1188 1187 1226 1377 1457 1536 1838 2228 3029 4033 3763 2444 1825 
1046 1110 1198 1282 1165 1321 1222 1371 1433 1618 1765 2090 2337 2087 1889 1511 
1054 1007 1116 1077 1105 1129 1245 1265 1234 1358 1527 1564 1633 1504 1459 1338 
