1108 1123 1075 1064 1111 1114 1165 1155 1150 1119 1160 1151 1139 1180 1041 1031 
1072 1178 1233 1145 1147 1162 1143 1171 1189 1268 1269 1199 1191 1162 1175 1077 
1121 1108 1207 1225 1217 1226 1166 1198 1227 1293 1291 1390 1345 1235 1187 1148 
1080 1146 1172 1114 1199 1189 1311 1317 1355 1254 1316 1273 1258 1308 1192 1135 
1186 1195 1201 1194 1265 1351 1338 1314 1366 1362 1421 1421 1374 1369 1339 1197 
1143 1121 1221 1312 1265 1292 1348 1349 1362 1451 1466 1513 1580 1494 1445 1291 
1205 1195 1257 1314 1323 1377 1338 1255 1518 1417 1583 1672 1642 1716 1588 1356 
1167 1243 1282 1272 1200 1360 1299 1403 1529 1679 1769 2046 2169 2166 1862 1555 
1087 1245 1269 1233 1274 1323 1371 1455 1596 1836 2240 2861 3316 3116 2322 1797 
1155 1232 1266 1342 1302 1334 1373 1453 1702 2030 2760 6925 33668 21029 3527 2109 
1177 1224 1264 1272 1275 1322 1400 1517 1751 2020 3099 21594 98934 55941 4713 2260 
1105 1135 1180 1227 1346 1354 1397 1477 1745 1986 2869 12132 59943 20514 3934 2121 
1104 1192 1175 1281 1298 1283 1308 1521 1655 1872 2461 3197 3911 3559 2592 1875 
1117 1147 1227 1205 1254 1284 1334 1374 1502 1704 1907 2232 2366 2207 2000 1662 
1065 1141 1159 1165 1219 1206 1209 1291 1378 1407 1614 1718 1863 1662 1606 1385 
1034 1110 1052 1096 1170 1123 1192 1169 1211 1287 1398 1365 1385 1342 1331 1246 
