951 1018 991 1012 1000 1057 1039 1096 1105 1101 1233 1196 1195 1130 1092 1062 
984 1060 1072 1091 1105 1103 1143 1171 1192 1309 1292 1397 1354 1310 1328 1162 
1078 1029 1062 1090 1177 1125 1291 1239 1369 1436 1502 1619 1542 1556 1486 1277 
994 1100 1157 1134 1132 1179 1250 1301 1448 1491 1714 2021 2235 2134 1840 1518 
1025 1113 1074 1198 1214 1213 1316 1353 1435 1754 2221 3032 3550 3233 2271 1708 
1030 1094 1143 1216 1204 1264 1285 1331 1504 1894 2644 10105 55602 18944 3481 1994 
987 1046 1103 1184 1141 1253 1265 1394 1584 1893 3071 22085 93554 51417 4562 2139 
1035 1179 1133 1196 1197 1199 1360 1351 1590 1913 2657 7108 41365 20059 3241 2059 
1007 1137 1153 1112 1159 1234 1295 1299 1557 1710 2147 2652 3281 2917 2305 1704 
1048 1094 1135 1149 1215 1277 1207 1327 1467 1557 1788 1859 2022 2038 1730 1449 
1032 1024 1062 1134 1110 1143 1223 1309 1374 1417 1497 1649 1648 1644 1553 1310 
1051 1082 1095 1147 1180 1158 1187 1241 1319 1250 1323 1427 1366 1425 1286 1232 
1043 1020 1062 1119 1140 1141 1210 1137 1173 1235 1290 1345 1259 1293 1276 1069 
1051 1060 1034 1078 1114 1150 1185 1176 1222 1201 1226 1234 1188 1140 1126 1057 
955 1004 1052 1135 1084 1047 1117 1114 1143 1172 1210 1079 1118 1140 1127 1006 
959 930 1026 985 1017 1007 1038 1092 1032 1062 1073 1072 994 1025 979 982 
