991 990 1036 987 1127 1109 1076 1222 1373 1540 2144 8967 42255 17640 3316 1690 
1012 1063 1116 1167 1115 1158 1214 1337 1452 1723 2497 14666 66061 38762 3090 1850 
1063 1129 1169 1151 1243 1252 1260 1373 1482 1627 2159 5064 12028 6652 2315 1666 
1072 1042 1169 1178 1262 1217 1259 1300 1414 1508 1772 2242 2462 2240 1875 1438 
1085 1171 1134 1209 1192 1319 1313 1302 1335 1530 1580 1642 1765 1679 1603 1366 
1102 1190 1190 1126 1251 1297 1257 1312 1287 1354 1467 1515 1432 1439 1383 1269 
1035 1157 1177 1281 1164 1149 1231 1196 1300 1347 1302 1357 1398 1315 1232 1158 
1113 1111 1137 1229 1222 1253 1321 1278 1240 1280 1268 1319 1203 1267 1203 1079 
1098 1177 1165 1236 1224 1271 1222 1252 1263 1229 1226 1250 1229 1261 1223 1153 
1064 1167 1132 1197 1282 1261 1256 1251 1287 1204 1161 1216 1200 1229 1175 1120 
1147 1167 1205 1206 1193 1150 1165 1233 1261 1196 1244 1232 1164 1204 1184 1004 
1153 1172 1175 1161 1149 1208 1207 1136 1206 1214 1129 1105 1133 1190 1180 1093 
1093 1102 1185 1210 1171 1144 1235 1227 1201 1215 1222 1160 1173 1118 1138 1067 
1101 1123 1145 1171 1176 1166 1178 1163 1162 1211 1190 1163 1167 1134 1051 1064 
1061 1111 1102 1161 1170 1130 1144 1173 1095 1182 1114 1163 1082 1100 1100 1042 
1032 1037 1101 1032 1062 1032 1154 1120 1048 1085 1078 1101 1107 1027 1030 948 
