173 192 164 171 180 161 175 182 181 158 167 174 178 163 165 188 
170 169 166 153 158 175 161 151 149 135 156 169 138 158 169 155 
160 152 179 138 156 150 183 169 171 176 181 158 176 150 162 148 
201 186 155 151 142 174 171 162 154 145 141 145 146 135 161 124 
194 147 167 170 143 171 155 157 173 165 147 152 168 151 169 152 
138 151 179 178 160 144 166 173 172 157 139 147 139 157 164 140 
176 159 182 148 169 162 139 146 143 137 148 160 183 135 124 177 
177 145 150 151 157 132 150 181 143 189 160 151 135 132 145 157 
174 151 158 146 146 153 147 146 145 176 159 160 156 151 161 169 
170 154 163 156 148 145 174 158 159 166 144 153 178 165 162 160 
184 160 184 145 153 152 170 150 158 169 184 147 181 180 154 154 
166 144 156 157 160 134 142 148 154 134 179 559 2517 1539 177 152 
176 148 145 165 174 167 150 167 167 149 179 2647 13836 7507 302 169 
169 164 132 146 152 175 144 172 164 160 174 1409 7689 2374 319 139 
154 149 168 142 143 123 156 163 159 157 164 155 270 300 180 159 
186 151 151 151 136 182 156 171 153 156 152 158 162 171 161 167 
