1024 1019 1109 1146 1145 1181 1166 1156 1128 1053 1052 1000 1067 1082 1000 945 
1073 1131 1078 1096 1149 1171 1184 1154 1106 1142 1125 1167 1158 1106 1078 1066 
1070 1080 1128 1181 1154 1173 1310 1187 1181 1189 1139 1173 1162 1085 1067 1112 
1064 1113 1125 1182 1118 1161 1189 1157 1229 1176 1189 1211 1175 1165 1102 1103 
1122 1191 1130 1162 1168 1220 1183 1142 1214 1283 1232 1197 1215 1143 1120 1069 
1035 1144 1212 1191 1215 1157 1240 1122 1255 1158 1247 1217 1164 1175 1115 1069 
1073 1209 1169 1254 1178 1239 1187 1224 1219 1262 1289 1245 1184 1223 1218 1072 
1187 1165 1161 1230 1172 1210 1277 1165 1277 1231 1160 1214 1267 1198 1172 1091 
1124 1172 1189 1273 1233 1218 1192 1160 1253 1207 1276 1272 1243 1180 1183 1155 
1049 1103 1178 1217 1210 1231 1270 1299 1266 1310 1264 1350 1292 1298 1236 1160 
1074 1195 1185 1206 1238 1191 1231 1272 1332 1297 1381 1394 1476 1349 1404 1321 
1045 1136 1179 1207 1262 1231 1294 1315 1385 1450 1559 1707 1838 1572 1618 1340 
1104 1101 1209 1140 1230 1249 1221 1340 1389 1516 1843 2128 2382 2246 1798 1515 
1106 1111 1144 1143 1187 1236 1289 1239 1379 1737 2092 5085 11650 6459 2312 1701 
1003 1014 1092 1150 1137 1208 1251 1379 1478 1685 2403 14740 65985 38796 3240 1739 
958 1035 1038 1119 1074 1166 1129 1171 1328 1557 2002 9125 42434 17958 3524 1603 
