1007 981 1083 1051 1098 1103 1118 1186 1182 1291 1338 1342 1321 1281 1283 1226 
1067 1020 1002 1083 1128 1151 1173 1344 1361 1469 1567 1591 1659 1617 1504 1343 
1004 1083 1081 1204 1195 1323 1248 1403 1466 1577 1856 2082 2263 2108 1801 1501 
1068 1182 1095 1232 1236 1215 1308 1425 1559 1762 2352 2989 3790 3518 2389 1765 
1085 1223 1183 1209 1281 1248 1311 1437 1681 1992 2875 11618 57059 19477 3698 2014 
1063 1187 1107 1243 1213 1263 1365 1406 1584 2016 3022 21268 95625 53042 4662 2267 
1117 1148 1221 1239 1244 1297 1407 1444 1544 1953 2634 6717 32722 20284 3361 2099 
1113 1184 1150 1291 1275 1291 1358 1327 1565 1850 2106 2820 3307 3038 2318 1756 
1086 1157 1230 1223 1262 1324 1354 1312 1419 1617 1705 1980 2129 1999 1778 1513 
1048 1224 1157 1173 1201 1270 1336 1402 1363 1474 1564 1611 1717 1603 1507 1378 
1085 1161 1149 1247 1213 1245 1323 1315 1345 1393 1319 1411 1509 1386 1367 1227 
1051 1139 1152 1225 1176 1206 1193 1237 1312 1364 1284 1303 1219 1257 1232 1162 
1079 1063 1149 1192 1185 1103 1199 1278 1192 1285 1321 1282 1255 1253 1186 1093 
1066 1055 1104 1120 1151 1177 1136 1180 1313 1276 1134 1214 1207 1171 1161 1038 
1049 1087 1113 1152 1185 1120 1236 1178 1148 1191 1186 1123 1139 1102 1110 1012 
1017 1032 1062 1025 1085 1087 1110 1067 1130 1136 1148 1114 1069 1066 1068 985 
