1010 1036 1027 1127 1098 1120 1118 1121 1093 1039 1109 1115 1034 1092 1115 1009 
1013 1092 1135 1101 1139 1131 1103 1129 1105 1124 1188 1090 1113 1115 1028 1020 
1057 1168 1175 1216 1145 1117 1193 1182 1163 1168 1189 1206 1154 1130 1078 1050 
1058 1155 1154 1131 1226 1164 1187 1161 1190 1121 1173 1219 1182 1101 1096 1046 
1075 1163 1183 1193 1124 1127 1151 1148 1224 1226 1222 1155 1145 1157 1061 1054 
1124 1176 1247 1217 1192 1218 1226 1202 1165 1216 1184 1210 1221 1123 1113 1024 
1053 1137 1153 1195 1186 1208 1206 1138 1222 1257 1137 1233 1171 1130 1102 1020 
1061 1193 1168 1110 1237 1200 1250 1189 1229 1262 1177 1247 1250 1165 1126 1078 
1105 1166 1123 1196 1164 1212 1258 1214 1194 1190 1230 1129 1141 1191 1121 1073 
1118 1106 1154 1203 1229 1200 1229 1175 1239 1197 1285 1217 1264 1230 1176 1119 
1062 1159 1114 1170 1197 1242 1199 1212 1256 1254 1219 1242 1383 1226 1164 1138 
1084 1131 1110 1127 1127 1164 1248 1259 1199 1261 1253 1322 1405 1311 1239 1171 
1005 1088 1059 1132 1164 1180 1264 1190 1282 1324 1365 1483 1517 1544 1342 1224 
1049 1095 1160 1116 1141 1135 1210 1272 1257 1378 1556 1875 2058 1876 1560 1373 
1001 1058 1076 1071 1058 1125 1088 1229 1267 1463 1732 4318 9531 4919 1865 1353 
946 1018 1010 1009 1053 1048 1067 1029 1242 1363 1768 11805 52665 29757 2241 1337 
