175 168 165 166 159 180 146 154 147 140 160 148 167 141 163 156 
169 133 165 155 148 166 140 170 148 144 167 156 157 164 167 149 
194 156 184 156 140 166 155 176 148 153 154 172 234 260 167 152 
145 194 167 128 165 149 166 154 152 151 175 1505 8401 2417 257 161 
170 162 162 162 140 159 163 154 188 163 189 2801 14908 7943 308 167 
170 175 162 159 158 158 150 137 175 162 160 603 3671 2176 172 158 
171 133 157 152 145 136 150 156 163 142 137 189 172 184 159 166 
173 160 174 176 144 139 136 155 159 132 156 167 153 161 175 169 
193 180 160 188 173 151 161 152 136 162 161 180 158 162 137 157 
166 164 159 155 158 175 161 142 156 165 173 139 158 162 163 168 
158 148 157 151 156 150 170 159 143 173 149 155 138 156 134 147 
197 143 151 159 149 185 175 147 143 164 162 143 167 126 162 204 
198 175 155 175 139 152 159 164 164 171 165 154 153 180 184 144 
181 157 168 156 169 172 147 181 177 146 170 138 155 151 164 166 
181 182 179 171 176 166 145 151 168 156 158 143 159 175 139 163 
206 189 162 191 185 158 147 182 197 169 191 182 158 149 166 162 
