164 150 139 167 149 157 132 139 138 136 165 142 137 158 148 158 
171 152 140 147 163 150 131 155 153 171 135 173 152 120 144 130 
169 152 127 168 151 163 146 160 140 144 141 112 145 143 168 132 
180 167 149 146 156 133 136 169 152 149 143 179 147 162 174 142 
154 152 148 147 155 139 150 158 134 149 157 172 162 152 154 130 
152 133 133 143 132 124 151 141 151 134 175 1062 8780 2384 236 157 
161 169 158 109 144 163 136 142 151 176 178 2964 14797 7778 303 159 
175 146 168 141 145 137 145 128 149 175 167 648 6130 2852 170 147 
168 134 148 134 153 134 153 145 144 164 141 171 163 135 152 160 
144 161 160 170 149 151 142 123 144 151 155 159 175 174 163 157 
145 140 137 169 145 148 140 120 130 170 140 165 149 131 162 143 
164 147 152 153 134 137 132 146 154 147 152 145 158 144 166 122 
173 170 150 151 138 137 148 156 139 148 161 132 134 142 142 128 
161 146 153 158 178 132 157 157 152 196 149 153 171 150 165 152 
165 144 158 145 149 150 134 147 173 146 153 145 142 150 149 142 
169 158 138 150 144 171 170 147 158 165 143 125 168 157 154 149 
