182 182 160 159 156 162 194 175 158 157 167 177 172 159 181 156 
157 165 145 161 141 173 176 154 176 168 190 155 149 157 140 161 
159 172 152 160 147 159 153 150 157 134 165 166 145 163 153 154 
189 144 151 175 177 168 182 160 162 144 148 132 168 156 166 131 
168 183 153 156 173 140 155 161 140 156 188 136 159 152 156 152 
178 150 185 146 169 164 154 167 150 166 152 172 159 137 150 141 
159 153 148 141 155 145 141 174 157 150 139 145 125 148 143 157 
180 170 166 139 148 179 134 145 144 138 158 137 149 136 165 178 
166 177 145 173 163 157 146 160 159 168 168 152 136 165 144 143 
160 155 156 174 172 169 148 161 133 147 178 153 169 160 148 151 
147 190 159 139 143 162 132 142 147 128 161 133 148 176 132 149 
167 172 160 169 145 144 150 152 159 153 147 118 157 144 158 153 
164 172 133 158 144 139 155 131 171 156 140 130 172 181 135 167 
167 143 148 151 160 120 147 183 153 164 144 175 200 166 154 144 
164 162 161 126 148 159 140 153 157 153 169 530 1319 555 160 136 
156 139 168 156 154 163 139 155 160 147 167 1766 8406 4811 202 157 
