943 1030 1011 1083 1066 1067 1037 1096 1210 1350 1688 11962 52853 29391 2230 1396 
976 1094 1139 1091 1165 1204 1150 1247 1255 1464 1629 4417 9778 5026 1820 1333 
1087 1107 1093 1074 1089 1144 1211 1229 1260 1408 1512 1801 2087 1827 1551 1227 
1100 1105 1155 1135 1230 1183 1129 1242 1258 1412 1353 1455 1459 1467 1386 1202 
1097 1132 1135 1185 1146 1160 1182 1200 1250 1236 1306 1317 1255 1373 1179 1184 
1091 1149 1131 1176 1228 1216 1152 1137 1237 1304 1301 1283 1256 1222 1141 1057 
985 1181 1162 1164 1157 1164 1250 1140 1170 1159 1230 1268 1226 1136 1182 1098 
1056 1125 1154 1145 1219 1253 1196 1235 1230 1198 1171 1256 1210 1200 1175 1095 
1047 1127 1183 1180 1131 1193 1231 1239 1245 1161 1198 1154 1163 1174 1083 1072 
1093 1178 1124 1191 1150 1168 1217 1160 1200 1185 1142 1163 1120 1130 1056 1038 
1082 1091 1168 1121 1146 1181 1225 1172 1169 1160 1270 1191 1153 1112 1082 957 
1119 1128 1154 1169 1169 1283 1209 1164 1150 1232 1194 1243 1135 1182 1134 964 
1101 1119 1171 1175 1164 1227 1160 1248 1198 1196 1209 1168 1127 1111 1142 1016 
1042 1109 1200 1133 1145 1162 1142 1239 1175 1089 1156 1150 1132 1119 1081 1071 
1050 1092 1114 1123 1081 1150 1151 1191 1051 1215 1107 1099 1099 996 1113 1053 
1030 1038 1076 1025 1059 1057 1142 1118 1140 1143 1057 1093 1170 1027 995 977 
