195 135 185 183 183 168 186 185 181 171 167 146 154 176 177 153 
184 160 143 168 150 164 180 147 139 169 136 169 144 155 158 178 
166 130 145 162 139 128 173 160 164 162 150 151 146 141 144 171 
164 159 145 169 137 146 147 159 159 147 154 182 157 187 151 168 
175 166 160 138 142 144 133 158 171 179 137 155 159 150 169 151 
149 156 164 170 158 143 156 147 145 131 139 136 148 148 152 143 
182 185 162 175 146 156 149 173 168 158 151 171 166 163 155 150 
185 163 174 175 147 161 173 169 167 154 135 125 143 138 155 162 
179 144 146 158 155 155 155 141 151 172 162 135 145 124 152 152 
163 151 171 156 138 174 162 165 167 147 161 146 139 145 147 180 
187 163 164 169 162 130 164 160 167 139 167 151 156 131 146 139 
149 174 124 153 150 148 174 149 165 165 150 173 156 141 138 155 
146 157 169 165 148 160 135 148 135 180 164 182 190 170 138 135 
164 164 155 150 148 166 143 133 142 162 167 517 1446 670 178 166 
150 135 176 169 132 153 166 145 143 161 157 1851 10247 5927 240 160 
151 167 157 168 151 156 143 132 160 152 174 1126 6487 2524 348 138 
