1033 1015 1048 1061 1061 1069 1176 1100 1106 1098 1138 1153 1028 1096 1018 969 
975 1074 1175 1079 1120 1120 1198 1167 1196 1224 1143 1182 1171 1125 1102 1095 
1058 1160 1205 1214 1182 1195 1179 1182 1186 1270 1257 1251 1162 1229 1210 1192 
1100 1195 1222 1158 1216 1270 1320 1280 1238 1279 1322 1311 1344 1304 1177 1183 
1198 1196 1204 1246 1203 1242 1241 1233 1339 1312 1410 1459 1481 1470 1277 1294 
1137 1140 1224 1200 1233 1241 1294 1379 1337 1522 1545 1714 1634 1716 1545 1351 
1081 1131 1192 1205 1246 1270 1417 1356 1496 1571 1860 2060 2152 2141 1907 1498 
1099 1171 1185 1257 1258 1285 1313 1363 1604 1828 2271 2874 3478 3254 2405 1884 
1093 1134 1183 1243 1333 1300 1316 1417 1620 2035 2619 7429 42308 21424 3301 2083 
1153 1167 1177 1280 1205 1258 1348 1537 1698 2074 3217 22535 97526 53499 4822 2123 
1105 1140 1157 1218 1256 1287 1378 1481 1667 2009 2993 10102 58694 19970 3666 2115 
1118 1181 1164 1191 1257 1212 1320 1449 1601 1850 2255 3043 3811 3393 2408 1879 
1094 1132 1097 1236 1259 1285 1302 1345 1392 1667 1857 2060 2240 2145 1917 1527 
1032 1095 1191 1132 1175 1234 1303 1361 1394 1427 1661 1728 1610 1680 1568 1257 
988 1092 1121 1130 1125 1130 1192 1201 1322 1388 1324 1401 1434 1390 1320 1242 
963 1002 1064 1077 1058 1105 1104 1090 1197 1142 1202 1186 1255 1184 1126 1149 
