183 170 178 135 160 174 156 161 171 136 163 205 349 381 183 166 
163 177 174 153 171 147 165 163 138 152 177 1309 6943 2586 289 153 
156 170 158 142 148 154 199 175 151 151 179 2141 12026 6971 263 147 
200 160 192 138 146 152 173 134 148 177 163 549 1809 936 154 158 
173 173 150 160 163 147 157 145 166 153 155 162 171 185 161 141 
171 166 154 151 134 149 144 188 154 152 146 173 158 192 153 189 
187 162 169 155 178 166 152 152 176 158 161 138 156 191 172 124 
167 134 160 132 173 145 162 157 156 173 138 141 145 155 155 162 
178 162 164 159 151 170 157 142 161 138 159 177 147 179 136 161 
160 156 139 160 156 152 152 164 147 162 149 169 144 166 157 176 
176 165 171 147 133 172 171 160 151 150 138 175 179 123 140 163 
179 166 142 148 182 143 167 159 150 162 139 154 175 147 124 166 
185 155 168 179 165 149 142 138 146 167 137 167 179 123 147 145 
198 182 170 134 169 160 175 155 120 175 149 157 169 152 162 136 
189 159 146 165 150 157 173 159 168 166 142 153 179 160 165 154 
179 174 177 176 172 180 178 162 184 182 194 177 168 171 170 156 
