172 177 173 135 152 160 156 146 155 137 158 156 155 135 167 128 
159 147 152 146 145 142 159 147 162 158 118 149 138 137 160 139 
154 160 136 119 148 178 140 150 146 154 139 140 122 131 158 165 
153 184 164 142 135 131 135 141 151 139 132 144 131 142 133 133 
152 173 144 130 146 144 130 127 138 130 150 135 134 138 122 128 
161 158 124 134 145 157 139 129 121 146 142 164 152 171 160 140 
164 127 127 145 146 141 164 148 129 137 170 162 184 156 169 132 
141 128 128 137 163 143 131 169 141 163 156 701 7288 2531 175 160 
167 139 144 148 134 139 139 129 151 139 182 3091 14176 7590 321 153 
169 168 138 146 158 144 135 135 132 147 165 830 8040 2446 212 164 
153 145 130 129 149 139 144 154 151 143 161 145 172 163 142 153 
153 124 150 142 151 148 116 134 141 152 145 137 160 164 147 151 
147 132 134 147 152 143 137 144 147 112 143 145 155 141 143 131 
172 163 141 134 149 122 147 144 156 187 142 148 149 153 154 143 
146 140 126 135 136 136 170 131 149 126 157 162 163 123 151 132 
157 168 169 133 147 168 139 168 164 176 129 147 140 163 139 178 
