167 175 161 202 153 156 184 156 185 149 139 164 186 159 136 166 
177 194 165 162 171 159 163 186 171 160 164 194 149 148 151 141 
178 169 133 153 151 132 175 167 156 161 153 144 158 167 163 154 
172 151 169 173 148 153 155 125 169 194 167 143 159 160 151 166 
190 185 158 178 154 166 161 141 157 170 163 121 164 159 174 160 
165 160 160 145 165 168 148 141 157 163 165 136 157 148 138 156 
158 183 163 140 177 153 153 137 164 142 185 156 165 182 158 171 
161 174 143 151 166 150 143 156 143 124 163 166 141 165 147 138 
171 164 173 154 161 175 150 154 133 149 172 155 164 163 156 160 
188 165 168 132 173 164 165 179 147 149 147 171 180 159 147 169 
196 149 147 143 150 148 149 167 165 167 174 618 3470 2281 190 157 
154 154 163 177 165 146 180 133 165 175 192 2635 14777 8057 312 185 
186 167 159 150 150 168 170 153 173 159 186 1442 8597 2561 255 170 
173 192 155 151 166 132 163 161 147 161 160 191 232 293 182 155 
159 159 142 159 128 158 160 182 184 154 156 139 193 169 158 147 
176 151 189 137 157 152 175 186 168 136 174 181 178 157 160 151 
