200 154 184 157 171 189 164 171 160 160 169 172 149 171 150 147 
175 172 180 153 154 155 169 160 156 160 161 128 166 156 177 167 
178 131 156 159 155 179 149 153 135 182 153 164 154 127 160 168 
170 185 152 143 156 155 185 177 162 152 155 167 156 155 172 144 
182 166 159 153 148 174 139 177 165 142 151 161 146 151 166 164 
172 152 156 161 152 134 167 191 166 153 139 155 155 161 179 154 
176 161 167 162 154 159 146 147 149 151 156 159 165 166 182 148 
204 164 183 170 142 174 134 133 155 138 142 162 172 146 189 147 
173 149 202 157 141 139 172 162 158 164 170 165 205 184 153 170 
162 178 152 156 171 150 144 160 145 177 148 612 4821 2795 195 185 
187 173 176 163 157 146 153 146 166 137 171 2852 15215 8305 353 165 
155 145 167 159 175 164 174 152 174 162 173 1388 9108 2625 248 153 
176 170 150 163 157 168 136 187 166 172 164 183 196 216 187 154 
188 165 165 164 158 149 168 139 161 186 170 172 139 155 168 164 
189 160 140 171 168 156 152 150 167 130 133 137 134 160 161 180 
174 164 142 164 144 152 154 183 150 150 163 162 164 150 159 156 
