971 1041 1058 973 1035 1096 1131 1116 1117 1164 1196 1230 1134 1204 1164 1132 
994 1060 1019 1138 1107 1193 1156 1153 1210 1336 1341 1404 1378 1334 1342 1155 
1054 1057 1058 1141 1153 1181 1212 1260 1269 1393 1577 1633 1575 1727 1499 1300 
1063 1137 1058 1125 1186 1172 1227 1365 1480 1622 1832 2204 2183 2183 1841 1483 
1047 1088 1190 1167 1185 1260 1283 1315 1525 1833 2239 3017 3627 3150 2387 1794 
1070 1131 1148 1175 1257 1201 1351 1462 1542 1902 2833 10053 56814 19395 3601 2022 
1062 1204 1175 1134 1186 1264 1336 1433 1516 2041 3090 22501 94991 52141 4540 2184 
1126 1065 1140 1147 1267 1216 1361 1470 1598 2035 2686 7116 41547 20968 3212 2038 
1150 1102 1132 1132 1226 1289 1318 1369 1477 1738 2169 2782 3327 2969 2374 1808 
1081 1128 1138 1191 1283 1268 1202 1289 1392 1546 1805 1954 2134 2066 1842 1453 
1083 1065 1107 1210 1179 1204 1245 1257 1325 1475 1450 1611 1640 1678 1530 1274 
989 1102 1156 1189 1115 1133 1282 1208 1331 1420 1399 1391 1478 1366 1430 1178 
1023 1125 1110 1106 1178 1165 1155 1245 1261 1196 1308 1356 1268 1211 1191 1075 
996 1085 1099 1150 1177 1115 1182 1150 1176 1244 1249 1234 1202 1163 1197 1087 
980 984 1110 1075 1118 1119 1149 1133 1158 1162 1166 1071 1153 1095 1127 990 
955 959 1013 1066 1046 1113 1086 1082 1077 1049 1078 1012 1001 1068 990 1023 
