996 1084 1063 1090 1051 1228 1232 1262 1347 1467 1599 1951 2054 2000 1772 1456 
1055 1128 1184 1221 1201 1277 1291 1354 1480 1647 2090 2943 4045 3674 2350 1688 
1059 1203 1235 1207 1280 1277 1327 1349 1537 1873 2678 12324 50498 18418 3703 2026 
1060 1151 1173 1304 1286 1309 1360 1471 1641 1980 2822 19653 89194 50481 3972 1987 
1062 1168 1254 1259 1286 1284 1329 1453 1594 1888 2503 6299 19305 12185 2859 2013 
1137 1152 1185 1231 1281 1347 1336 1353 1616 1761 2097 2621 2872 2599 2202 1617 
1094 1129 1217 1282 1248 1293 1353 1410 1444 1605 1737 1895 1984 1814 1679 1476 
1119 1175 1259 1311 1312 1305 1378 1322 1325 1469 1633 1574 1650 1626 1479 1347 
1137 1190 1192 1283 1234 1268 1308 1329 1362 1342 1435 1442 1446 1429 1405 1235 
1108 1200 1184 1182 1223 1257 1235 1360 1283 1389 1361 1321 1325 1311 1311 1113 
1098 1185 1212 1232 1247 1164 1238 1283 1267 1328 1251 1309 1321 1228 1218 1086 
1101 1160 1248 1188 1242 1255 1280 1182 1258 1244 1276 1308 1228 1233 1196 1130 
1167 1131 1142 1223 1210 1164 1232 1291 1294 1320 1266 1272 1239 1207 1227 1079 
1034 1191 1231 1240 1160 1186 1236 1220 1298 1252 1168 1167 1150 1158 1105 1024 
1069 1084 1175 1154 1183 1122 1137 1209 1170 1105 1162 1164 1116 1184 1152 1051 
1039 1059 1121 1100 1123 1055 1149 1161 1121 1044 1100 1116 1108 1093 1070 1017 
