177 161 161 171 175 155 156 163 187 157 184 191 151 210 205 178 
186 192 154 169 152 155 166 178 165 163 164 164 158 158 125 138 
163 150 174 162 152 138 156 158 162 202 153 169 168 154 146 144 
198 159 146 150 160 161 171 145 142 174 151 155 165 174 142 133 
149 140 151 159 165 172 151 155 147 134 145 167 172 156 179 144 
193 165 160 167 164 162 135 162 159 134 159 129 119 159 148 167 
178 164 158 159 151 162 163 141 148 175 148 135 150 146 138 157 
161 156 129 151 171 158 149 184 156 126 151 129 155 148 150 167 
173 129 161 159 141 144 160 152 157 145 172 157 142 155 151 162 
145 155 166 154 153 170 193 154 132 125 150 166 143 164 158 150 
177 169 159 152 147 156 149 139 161 142 160 161 155 142 144 155 
182 158 173 165 143 143 146 155 158 159 172 199 174 154 151 163 
171 148 146 156 137 137 141 165 167 151 170 133 164 177 136 160 
173 149 138 149 160 146 157 145 154 151 153 172 506 1424 635 149 
157 149 136 156 134 157 153 174 156 151 144 177 1577 8952 5442 285 
184 165 166 130 150 167 148 150 138 162 182 173 839 5657 2498 398 
