1003 1101 1025 1063 1131 1162 1058 1088 1061 1137 1125 1146 1063 1090 1041 1077 
1040 1048 1164 1188 1141 1121 1064 1193 1121 1102 1147 1183 1138 1157 1078 1039 
1121 1193 1182 1154 1080 1219 1183 1244 1236 1210 1168 1203 1146 1203 1127 1074 
1137 1110 1174 1153 1259 1262 1161 1237 1169 1268 1212 1244 1200 1209 1080 1123 
1133 1101 1207 1193 1265 1312 1257 1261 1285 1297 1306 1254 1251 1201 1172 1090 
1066 1131 1147 1155 1235 1279 1233 1308 1273 1298 1266 1272 1296 1315 1195 1111 
1070 1126 1261 1240 1213 1221 1268 1296 1250 1394 1315 1314 1309 1333 1294 1210 
1080 1143 1213 1217 1272 1265 1297 1276 1208 1310 1324 1431 1450 1333 1326 1260 
1122 1147 1133 1219 1224 1232 1278 1279 1319 1350 1428 1523 1459 1495 1514 1411 
1034 1180 1168 1231 1279 1318 1269 1373 1336 1397 1497 1698 1665 1910 1824 1573 
1105 1145 1241 1207 1230 1237 1337 1409 1348 1446 1687 1986 2398 2644 2556 1961 
1143 1198 1152 1144 1214 1204 1249 1292 1329 1547 1808 2321 5505 16435 10787 2667 
1075 1093 1249 1188 1234 1292 1379 1360 1445 1525 1840 2567 14169 77468 47837 4326 
1069 1153 1130 1185 1238 1190 1250 1257 1384 1492 1766 2476 8330 46805 18902 3915 
1059 1087 1125 1170 1236 1201 1165 1267 1280 1428 1649 1993 2594 3831 3769 2372 
1029 999 1051 992 1118 1072 1116 1178 1239 1306 1373 1576 1829 1889 1964 1654 
