1033 1028 1083 1058 1072 1075 1145 1178 1197 1183 1211 1196 1232 1177 1146 1041 
1045 1130 1158 1137 1205 1251 1162 1238 1215 1318 1216 1335 1348 1240 1281 1218 
1106 1138 1164 1225 1296 1210 1303 1214 1298 1321 1377 1419 1440 1450 1436 1299 
1109 1168 1191 1238 1199 1198 1277 1351 1371 1454 1446 1596 1630 1686 1648 1496 
1155 1161 1206 1274 1246 1278 1307 1386 1453 1457 1614 1854 1986 2150 2102 1801 
1189 1175 1172 1242 1269 1266 1378 1409 1391 1594 1807 2294 2860 3484 3240 2293 
1087 1222 1252 1270 1357 1281 1380 1472 1468 1716 1902 2773 7904 49539 19733 3600 
1121 1140 1273 1309 1330 1321 1309 1383 1517 1658 2073 3157 18187 96393 51314 5286 
1159 1164 1238 1316 1231 1287 1314 1375 1521 1676 1976 2642 7303 44839 19852 3503 
1093 1180 1189 1269 1264 1266 1350 1353 1479 1563 1895 2174 2744 3474 3158 2326 
1168 1162 1180 1144 1239 1275 1269 1320 1382 1463 1693 1795 2050 2202 2134 1768 
1145 1202 1234 1174 1273 1273 1324 1297 1405 1376 1469 1645 1719 1738 1536 1502 
1090 1176 1195 1275 1197 1309 1263 1324 1376 1345 1376 1483 1463 1493 1476 1290 
1028 1123 1139 1199 1279 1288 1262 1302 1290 1364 1359 1311 1382 1333 1334 1215 
1090 1091 1209 1199 1113 1185 1203 1216 1167 1217 1251 1180 1262 1205 1182 1141 
1040 1009 1131 1033 1137 1163 1053 1101 1090 1171 1134 1115 1162 1122 1071 1092 
