166 174 164 147 160 158 148 151 137 170 155 161 160 159 147 140 
159 171 149 140 151 163 141 169 162 166 170 154 168 248 318 178 
188 162 174 158 137 140 131 142 149 153 148 154 918 7039 2524 385 
193 164 137 150 169 163 149 164 163 142 155 194 1791 12059 7224 404 
170 149 154 156 158 139 156 141 158 142 156 174 538 2232 1294 190 
169 161 142 168 157 125 136 151 154 167 155 144 197 189 181 174 
173 178 162 162 166 140 151 157 144 149 156 162 167 154 162 177 
164 145 164 166 153 179 162 188 167 161 147 159 155 158 165 134 
169 173 171 138 142 141 159 159 158 153 149 157 163 161 146 159 
212 161 145 171 147 153 159 146 183 153 141 161 164 156 174 142 
175 162 170 151 165 137 156 189 139 157 171 154 161 141 159 168 
194 152 152 179 149 169 164 155 134 151 157 151 149 134 131 168 
176 166 172 153 140 143 158 147 145 151 160 167 149 141 152 155 
168 165 165 155 155 139 166 154 154 165 138 168 186 157 144 181 
186 162 159 167 148 181 162 165 167 168 151 162 148 153 142 153 
191 165 189 186 169 167 177 167 168 171 185 173 153 164 168 140 
