173 164 176 143 169 153 139 170 137 143 162 150 151 162 175 152 
179 161 171 167 144 146 146 155 157 162 160 156 147 135 149 181 
160 150 170 157 145 122 176 181 150 147 142 173 203 213 233 202 
169 175 161 162 145 159 160 144 167 142 149 178 964 7394 2334 292 
148 155 157 154 140 181 174 148 141 144 176 175 2099 13460 7197 389 
152 164 166 164 148 149 157 148 142 141 147 174 588 3107 1901 173 
155 192 154 167 130 170 139 187 159 165 167 149 185 182 183 141 
186 141 139 182 150 144 146 134 136 140 180 152 139 169 176 171 
186 194 129 184 157 156 143 146 141 153 176 156 170 155 145 183 
173 168 139 147 147 161 170 160 144 168 151 151 144 157 157 153 
169 153 167 149 170 156 171 157 169 161 150 173 150 171 148 168 
150 163 172 152 157 147 152 173 140 152 155 163 138 169 154 165 
183 151 167 167 172 159 130 144 156 156 151 180 163 159 160 149 
184 151 158 180 169 170 161 171 147 149 158 186 176 142 148 163 
189 177 160 158 169 155 180 181 171 144 178 146 152 159 173 158 
219 187 175 183 155 169 162 175 181 189 159 178 168 156 164 172 
