1034 1099 1129 1139 1125 1099 1122 1112 1086 1056 1157 1093 1084 1084 1085 1002 
1104 1119 1082 1129 1149 1137 1146 1182 1217 1218 1192 1151 1149 1124 1111 1017 
1102 1165 1133 1202 1234 1209 1229 1160 1219 1213 1163 1214 1239 1132 1121 1144 
1097 1185 1164 1175 1257 1253 1231 1238 1167 1311 1267 1202 1224 1152 1170 1141 
1105 1136 1246 1252 1210 1308 1218 1229 1224 1278 1251 1241 1251 1253 1242 1215 
1137 1119 1259 1215 1219 1229 1188 1285 1336 1366 1272 1314 1277 1257 1331 1196 
1192 1190 1218 1188 1281 1291 1148 1315 1326 1412 1340 1372 1454 1451 1329 1298 
1170 1195 1164 1198 1202 1315 1324 1278 1321 1402 1393 1512 1649 1556 1546 1403 
1149 1098 1213 1195 1256 1281 1285 1337 1355 1416 1573 1744 1919 1943 1933 1558 
1117 1156 1178 1307 1272 1309 1292 1322 1461 1521 1780 2021 2402 2793 2577 2029 
1108 1194 1179 1300 1269 1295 1310 1408 1467 1593 1839 2446 5897 21540 14876 2734 
1162 1156 1196 1238 1277 1269 1285 1428 1466 1662 1920 2840 15590 85451 50131 4817 
1124 1140 1118 1259 1217 1293 1299 1389 1378 1535 1864 2592 8753 50084 18991 3876 
1098 1122 1129 1194 1253 1282 1348 1250 1380 1449 1799 2200 2742 3607 3514 2293 
1003 1068 1115 1184 1216 1263 1195 1221 1296 1369 1533 1778 1867 2114 1960 1640 
1039 1103 1140 1034 1089 1156 1148 1204 1277 1279 1306 1437 1453 1513 1471 1328 
