147 173 162 167 135 141 156 141 152 130 157 163 1488 7388 4231 217 
151 148 157 132 149 148 166 145 126 128 147 156 518 1272 549 145 
164 163 129 142 150 132 138 143 138 176 154 145 205 189 153 144 
179 147 146 151 157 143 136 166 133 145 174 161 144 128 171 148 
156 153 131 141 151 133 145 162 155 149 144 147 150 147 142 141 
179 141 142 167 160 165 145 141 150 131 144 137 134 150 158 150 
172 166 162 150 147 121 140 155 144 142 140 120 142 155 157 152 
163 169 143 158 144 131 162 126 148 134 164 171 136 145 145 142 
170 167 177 133 139 134 142 147 161 156 150 156 152 166 136 158 
170 166 162 161 173 132 162 170 141 166 143 139 167 142 123 172 
180 160 162 152 138 140 143 151 141 140 146 120 157 142 160 160 
181 173 147 165 173 159 144 144 154 165 136 156 145 127 141 172 
146 154 149 171 158 156 150 143 133 156 147 139 166 147 151 143 
163 158 138 164 165 161 181 159 166 181 138 174 144 147 144 149 
147 171 181 153 184 164 163 179 161 162 139 153 168 158 155 150 
200 180 179 198 161 178 159 174 179 179 179 168 172 160 186 185 
