178 199 171 183 179 190 178 173 162 168 176 189 147 172 152 140 
195 155 151 174 153 172 165 204 158 168 165 166 136 155 180 121 
189 180 157 161 149 169 151 148 137 153 168 146 143 162 160 164 
180 167 132 181 172 156 159 155 155 151 166 164 158 138 157 141 
175 142 173 155 179 155 153 151 130 137 136 138 137 164 172 161 
151 146 162 154 148 158 132 150 156 160 144 135 136 149 148 159 
166 157 157 154 150 144 160 135 159 138 161 169 136 136 134 161 
171 136 168 168 153 146 163 147 144 129 143 165 166 152 160 148 
177 153 147 143 140 158 150 180 151 139 160 160 137 159 141 167 
164 167 162 129 145 210 145 110 156 158 144 142 151 126 151 174 
178 178 143 164 134 164 155 159 129 154 166 138 147 156 137 156 
172 163 184 146 127 164 137 156 169 158 165 151 181 195 156 141 
166 161 144 157 151 142 158 133 159 167 151 175 489 1657 830 180 
159 166 157 170 160 159 154 171 172 130 152 178 1698 10621 6460 351 
198 163 151 174 182 165 150 200 155 137 163 166 846 6443 2521 410 
166 142 167 149 142 134 152 170 169 168 164 134 178 336 416 190 
