1019 1043 1086 1071 1086 1121 1119 1169 1200 1298 1375 1447 1467 1467 1494 1320 
1055 1043 1145 1191 1153 1130 1261 1232 1292 1398 1443 1686 1916 2087 1974 1675 
1111 1121 1162 1208 1179 1144 1313 1341 1330 1502 1649 2104 2907 3641 3457 2259 
1178 1239 1221 1215 1259 1295 1343 1430 1411 1581 1840 2508 9006 49308 17920 3785 
1107 1133 1216 1221 1239 1272 1322 1352 1376 1619 1945 2807 16176 86922 48158 4557 
1047 1153 1136 1250 1242 1261 1282 1383 1388 1515 1862 2420 6096 22501 15092 2825 
1105 1146 1177 1200 1184 1299 1362 1320 1412 1473 1713 1985 2414 2862 2614 2052 
1183 1128 1109 1254 1225 1251 1292 1350 1324 1484 1547 1700 1881 1914 1795 1662 
1161 1222 1165 1252 1263 1219 1281 1228 1321 1351 1425 1500 1591 1601 1546 1413 
1143 1164 1212 1178 1223 1272 1349 1326 1326 1341 1356 1322 1439 1460 1358 1257 
1072 1184 1215 1214 1299 1229 1256 1210 1321 1290 1295 1372 1355 1333 1270 1140 
1119 1151 1211 1173 1178 1167 1295 1256 1220 1184 1310 1268 1330 1271 1263 1125 
1043 1135 1261 1216 1221 1215 1235 1189 1213 1187 1263 1239 1223 1210 1252 1197 
1161 1212 1166 1206 1178 1252 1204 1244 1210 1158 1247 1258 1225 1137 1138 1109 
1043 1121 1152 1160 1134 1128 1156 1256 1140 1181 1138 1212 1143 1167 1135 1085 
1046 1010 1042 1107 1076 1111 1087 1057 1183 1168 1146 1098 1111 1105 1065 1026 
