1037 1048 1033 1125 1084 1082 1120 1167 1191 1292 1454 1802 2251 3833 3845 2168 
1041 1123 1068 1119 1183 1143 1222 1275 1311 1388 1660 2258 7645 41873 18190 3884 
1093 1124 1142 1190 1223 1257 1174 1248 1305 1511 1778 2466 13208 68006 42072 3866 
1123 1137 1155 1187 1219 1217 1268 1218 1361 1456 1600 2141 5265 13264 7882 2348 
1079 1221 1212 1198 1226 1267 1166 1268 1376 1381 1567 1780 2120 2380 2305 1833 
1151 1121 1187 1174 1197 1186 1272 1273 1259 1348 1456 1580 1651 1673 1677 1407 
1121 1148 1172 1147 1209 1202 1155 1280 1288 1305 1308 1330 1526 1505 1431 1292 
1063 1171 1152 1192 1180 1302 1182 1277 1273 1317 1304 1346 1367 1371 1311 1236 
1195 1214 1161 1169 1298 1218 1256 1258 1257 1317 1299 1297 1288 1172 1196 1194 
1039 1185 1152 1214 1270 1231 1218 1223 1265 1221 1263 1292 1272 1220 1230 1107 
1074 1173 1207 1230 1203 1273 1233 1273 1207 1227 1209 1261 1256 1234 1129 1094 
1162 1126 1161 1166 1230 1206 1203 1229 1238 1185 1141 1162 1158 1195 1129 1049 
1064 1174 1162 1248 1223 1265 1259 1179 1236 1201 1236 1144 1155 1186 1236 1071 
1140 1087 1108 1180 1195 1110 1167 1149 1213 1242 1120 1203 1143 1188 1111 1048 
1028 1114 1111 1125 1205 1155 1198 1220 1187 1210 1121 1147 1113 1122 1068 956 
1065 1076 1106 1070 1130 1081 1087 1093 1167 1102 1098 1038 1047 1063 1015 969 
