987 995 1043 1045 1042 1038 1017 1115 1230 1319 1504 2055 6792 37201 17244 3594 
1009 1025 1116 1121 1136 1145 1143 1210 1258 1401 1604 2278 12220 57520 35076 3260 
1028 1079 1082 1190 1160 1253 1177 1274 1273 1397 1563 1944 4761 11150 6061 2127 
1146 1131 1195 1205 1165 1246 1196 1294 1258 1328 1458 1633 2023 2241 2001 1729 
1062 1153 1136 1164 1095 1237 1262 1294 1286 1256 1388 1489 1550 1686 1607 1341 
1102 1154 1154 1102 1216 1167 1211 1257 1267 1315 1368 1387 1415 1423 1410 1294 
1082 1144 1210 1144 1168 1213 1190 1195 1251 1259 1245 1393 1338 1288 1217 1279 
1097 1132 1128 1154 1161 1197 1175 1177 1196 1235 1236 1247 1272 1229 1219 1149 
1081 1176 1197 1115 1202 1181 1167 1180 1259 1194 1206 1279 1209 1228 1168 1086 
1133 1137 1168 1133 1231 1254 1194 1185 1241 1236 1229 1203 1142 1164 1151 1080 
1056 1132 1200 1114 1175 1199 1152 1201 1193 1169 1206 1192 1217 1133 1151 1128 
1105 1151 1151 1140 1126 1158 1223 1219 1198 1176 1263 1201 1186 1234 1082 1061 
1095 1130 1159 1159 1111 1141 1193 1172 1148 1199 1259 1190 1123 1165 1110 1076 
1079 1111 1097 1199 1141 1133 1182 1102 1195 1167 1151 1118 1074 1110 1081 1030 
1088 1017 1026 1098 1121 1126 1137 1150 1055 1109 1162 1091 1065 1040 1069 1035 
958 1010 1039 1122 1097 1056 1075 1142 1086 1112 1041 1075 1071 1009 1029 996 
