175 174 168 194 163 164 177 167 147 165 196 165 164 159 179 160 
192 177 163 178 193 163 159 162 149 154 170 165 166 146 157 137 
164 156 164 166 167 154 144 134 165 134 150 154 151 145 164 162 
174 170 190 165 183 183 152 175 142 175 187 160 154 141 151 157 
192 150 160 188 165 156 144 166 178 154 142 150 140 158 153 167 
170 156 162 167 150 173 183 143 159 172 159 156 147 130 165 161 
199 151 179 142 157 141 145 151 149 152 139 131 151 173 154 170 
201 156 170 150 145 170 167 149 154 175 138 154 146 142 150 179 
197 145 159 147 177 157 155 148 141 140 168 174 187 163 163 157 
171 165 153 176 152 168 157 141 170 158 161 153 174 156 162 180 
175 173 150 159 167 155 166 190 160 173 195 178 557 2843 1975 175 
163 157 161 162 133 161 161 175 155 164 156 179 1984 13322 7565 406 
173 150 151 185 163 176 180 181 151 146 151 182 895 7619 2509 384 
185 165 127 141 153 162 152 157 152 156 169 177 168 215 251 162 
152 151 172 172 157 160 150 152 150 142 139 168 152 153 144 159 
191 199 187 182 163 164 163 161 162 135 145 165 155 184 131 156 
