1014 1044 1047 1115 1123 1050 1058 1085 1195 1068 1104 1176 1075 1123 1040 968 
1067 1130 1126 1170 1191 1173 1121 1133 1190 1188 1135 1098 1106 1034 983 995 
1052 1122 1164 1175 1179 1177 1160 1174 1136 1144 1185 1234 1172 1190 1130 1005 
1087 1159 1128 1210 1200 1180 1166 1180 1177 1254 1191 1198 1211 1126 1119 1015 
1087 1092 1172 1159 1177 1213 1215 1244 1231 1176 1171 1189 1164 1115 1157 1035 
1046 1152 1140 1162 1209 1229 1263 1263 1277 1250 1198 1223 1182 1167 1145 1078 
1066 1145 1175 1147 1177 1307 1211 1231 1178 1169 1145 1240 1242 1221 1132 1047 
1102 1188 1144 1221 1243 1271 1221 1314 1280 1208 1211 1230 1258 1210 1154 1154 
1122 1084 1206 1136 1229 1216 1244 1323 1217 1260 1247 1231 1269 1221 1194 1157 
1107 1196 1227 1257 1190 1215 1235 1224 1233 1201 1280 1356 1266 1267 1331 1155 
1068 1123 1238 1208 1178 1205 1182 1247 1231 1317 1347 1385 1381 1398 1354 1273 
1138 1163 1126 1153 1153 1221 1206 1223 1271 1395 1396 1528 1589 1624 1584 1358 
1038 1125 1143 1139 1146 1176 1229 1232 1295 1349 1472 1628 2035 2132 1966 1580 
1036 1080 1102 1125 1156 1121 1155 1216 1333 1422 1529 2042 4752 10983 6084 2086 
988 1093 1116 1134 1114 1069 1123 1217 1188 1376 1508 2262 12026 56987 35434 3298 
965 1052 1046 1051 1061 1079 1064 1108 1153 1379 1495 1967 6784 37829 17828 3608 
