200 141 163 166 152 162 138 165 152 142 157 166 169 163 180 164 
151 146 171 147 174 178 168 147 146 172 166 174 179 163 144 171 
169 169 161 173 141 165 176 176 156 145 148 161 166 167 181 148 
180 166 141 164 139 152 165 174 165 161 160 163 180 167 173 144 
170 159 146 154 152 138 157 168 131 157 178 158 200 160 173 170 
156 169 169 157 152 179 156 162 160 165 153 191 741 7881 2593 256 
190 156 140 146 165 136 152 150 145 164 185 168 2104 14677 7745 448 
179 171 154 157 148 172 166 149 133 170 136 172 653 5269 2658 227 
164 174 169 168 128 145 175 158 140 152 168 159 163 159 188 165 
183 155 172 191 158 134 159 143 172 167 154 166 182 149 137 165 
178 156 140 160 164 156 149 148 150 152 155 156 154 129 182 145 
187 165 181 155 185 146 152 135 126 154 145 159 147 150 165 164 
163 176 156 149 169 150 174 152 168 177 169 176 178 135 160 169 
164 157 142 184 155 151 148 148 135 170 185 166 169 120 167 136 
164 152 190 183 166 148 149 140 143 144 153 134 160 174 148 176 
154 205 191 183 194 196 186 160 167 183 176 169 184 170 169 154 
