165 173 174 177 157 174 158 192 159 158 178 156 188 161 157 144 
188 169 169 159 172 143 142 142 163 176 177 173 149 172 172 149 
172 167 150 159 145 159 165 164 160 147 167 167 163 165 164 131 
214 170 145 151 167 142 133 180 139 151 134 151 130 161 161 142 
206 195 163 173 150 162 137 142 154 157 166 165 156 164 140 132 
199 164 157 160 156 147 165 157 142 147 156 164 165 166 157 131 
174 168 145 187 165 172 175 130 147 157 174 177 171 159 171 152 
205 158 188 157 178 170 149 146 169 141 167 176 177 169 136 171 
192 164 153 142 143 187 149 157 160 159 143 171 635 5606 2546 216 
176 167 165 164 165 184 185 146 146 144 173 193 2376 14880 7360 421 
178 186 154 147 165 126 155 171 171 175 160 163 805 7865 2383 266 
187 191 186 193 151 157 135 168 151 157 188 170 151 182 167 174 
185 170 166 172 147 170 162 160 159 154 172 164 177 165 187 154 
190 160 171 161 172 144 170 159 149 140 146 151 169 160 146 153 
196 164 173 167 180 155 182 137 161 124 190 135 162 159 158 146 
183 174 146 185 154 168 178 169 151 177 158 155 176 154 160 146 
