1029 1097 1039 1189 1073 1188 1190 1165 1191 1129 1250 1110 1166 1097 1064 1044 
1068 1085 1097 1185 1194 1150 1141 1212 1226 1312 1310 1200 1262 1212 1223 1139 
1113 1153 1143 1166 1297 1228 1216 1292 1219 1310 1347 1381 1309 1355 1297 1266 
1152 1123 1186 1290 1215 1223 1277 1300 1352 1340 1397 1409 1415 1492 1401 1364 
1203 1159 1220 1244 1258 1249 1306 1339 1306 1449 1393 1613 1568 1705 1630 1485 
1130 1157 1154 1239 1273 1290 1307 1343 1348 1437 1639 1770 2065 2207 2077 1787 
1090 1172 1165 1289 1278 1296 1334 1426 1368 1622 1728 2273 2821 3520 3118 2343 
1187 1269 1225 1239 1297 1279 1301 1368 1458 1615 2036 2708 7330 44617 20463 3450 
1174 1223 1267 1198 1262 1337 1301 1471 1465 1675 2106 3085 17378 96679 51966 5461 
1142 1133 1183 1229 1238 1313 1349 1427 1547 1706 2020 2652 7689 49784 20052 3679 
1104 1196 1189 1223 1337 1228 1365 1306 1486 1583 1795 2212 2837 3608 3285 2370 
1141 1100 1212 1211 1236 1286 1278 1281 1404 1537 1621 1961 2067 2291 2028 1818 
1044 1152 1251 1181 1224 1212 1324 1370 1358 1369 1474 1569 1676 1699 1664 1556 
1125 1130 1237 1182 1214 1295 1326 1276 1337 1340 1372 1464 1443 1455 1433 1281 
1086 1114 1123 1157 1226 1210 1219 1279 1241 1290 1254 1274 1276 1223 1305 1162 
988 1095 1140 1101 1129 1082 1108 1127 1176 1141 1215 1181 1168 1246 1164 1099 
