1030 1075 1051 1115 1126 1179 1135 1170 1170 1117 1059 1095 1131 1089 1113 1016 
1082 1114 1111 1146 1124 1265 1198 1155 1227 1129 1253 1205 1141 1174 1143 1105 
1084 1207 1182 1189 1216 1224 1158 1223 1234 1222 1204 1218 1268 1211 1196 1094 
1077 1185 1188 1223 1202 1212 1281 1252 1283 1350 1255 1299 1237 1206 1323 1153 
1042 1248 1202 1200 1233 1212 1213 1291 1313 1320 1383 1352 1320 1360 1331 1228 
1173 1124 1177 1241 1303 1237 1248 1295 1250 1346 1364 1410 1448 1497 1340 1310 
1117 1177 1211 1241 1247 1267 1322 1217 1435 1424 1499 1494 1591 1673 1610 1485 
1125 1179 1256 1205 1195 1330 1264 1358 1394 1485 1555 1761 1952 2160 1976 1653 
1142 1102 1207 1254 1284 1294 1334 1381 1480 1622 1744 2079 2653 2952 2812 2131 
1145 1126 1225 1266 1258 1353 1238 1349 1485 1584 1957 2541 6423 28915 18214 3068 
1166 1212 1214 1205 1280 1257 1349 1360 1462 1693 2061 2943 16724 91506 50688 4869 
1158 1154 1226 1250 1224 1230 1301 1341 1427 1555 1948 2588 8767 52119 19141 3870 
1133 1213 1250 1253 1279 1280 1302 1317 1389 1600 1861 2270 2754 3631 3277 2385 
1165 1189 1178 1156 1229 1226 1238 1357 1390 1481 1676 1842 2038 2147 2059 1725 
1173 1102 1097 1195 1202 1138 1256 1177 1338 1386 1413 1569 1601 1570 1589 1444 
1046 1054 1094 1076 1089 1104 1104 1158 1236 1260 1306 1302 1317 1364 1283 1174 
