169 149 152 168 178 178 164 168 152 150 140 176 778 5628 2348 398 
149 147 153 177 150 145 133 160 141 142 162 179 1620 9051 5374 297 
168 148 152 136 135 150 143 157 160 156 161 163 489 1418 691 183 
181 161 168 150 145 155 128 148 162 139 143 161 168 158 166 163 
152 164 135 155 142 175 149 160 138 163 190 150 161 187 139 153 
164 169 164 163 134 120 161 154 139 127 146 145 144 169 168 135 
170 138 145 156 141 145 144 158 163 150 132 154 162 133 125 185 
160 167 160 170 137 153 154 130 142 146 153 142 135 166 162 141 
161 162 177 145 131 128 156 160 148 168 164 135 132 170 135 154 
171 161 152 150 157 182 159 130 172 163 154 131 158 176 167 135 
148 175 157 139 140 148 137 164 142 149 145 143 155 160 161 150 
182 147 144 156 158 146 146 176 138 130 146 163 147 170 142 147 
184 149 144 162 162 147 136 168 150 148 159 158 133 172 140 165 
178 160 162 177 155 168 171 153 152 152 156 168 136 156 154 159 
174 162 152 137 182 151 156 164 149 157 153 153 143 147 182 162 
197 159 146 184 164 167 162 169 164 155 168 158 168 153 165 170 
