167 176 147 162 157 177 182 170 183 175 162 158 180 157 159 147 
170 141 149 170 148 159 160 169 151 174 165 142 164 146 175 166 
187 157 174 154 152 151 177 154 152 148 159 155 142 160 168 166 
181 159 157 147 150 151 168 148 162 149 168 162 160 159 136 174 
190 144 179 163 151 176 164 152 158 167 134 171 161 175 158 170 
184 129 152 160 151 154 169 169 148 159 166 176 177 178 166 170 
162 163 147 151 142 168 158 135 150 158 161 162 164 183 162 166 
179 144 150 161 152 134 153 157 169 171 168 160 628 6677 2712 238 
180 191 150 163 147 154 160 176 159 152 157 191 2144 15053 7784 463 
183 162 160 142 154 183 167 164 179 172 170 180 693 7538 2613 226 
167 147 151 164 177 161 172 136 170 172 153 145 160 202 182 171 
172 149 182 157 159 185 150 136 154 163 161 171 181 196 144 173 
164 142 170 151 125 140 143 184 180 164 146 127 169 169 146 177 
187 167 183 161 161 158 169 129 166 160 147 162 143 170 169 135 
191 162 158 153 136 163 163 159 182 174 141 157 159 151 144 154 
183 178 182 157 177 161 194 173 165 157 166 167 140 147 173 179 
