166 152 157 155 142 148 148 156 124 164 152 167 167 337 348 203 
167 168 146 146 166 164 167 146 161 140 174 175 818 6341 2451 336 
179 152 133 138 161 153 168 176 136 155 146 193 1694 10528 6460 349 
189 176 174 159 179 154 153 120 177 153 168 170 528 1754 917 163 
172 188 159 146 153 157 142 149 162 129 134 160 184 173 164 172 
186 156 146 150 147 149 151 162 150 144 138 153 158 141 144 137 
167 153 139 151 154 146 135 170 163 169 154 156 138 150 135 142 
145 150 140 164 151 156 137 143 166 148 154 145 138 143 137 141 
178 155 147 145 180 158 155 143 148 170 174 134 169 134 159 131 
156 176 165 130 178 154 151 146 147 128 179 129 155 151 168 151 
174 168 181 167 163 150 146 152 129 134 154 143 139 146 153 151 
177 165 155 154 140 165 154 166 150 161 130 148 143 150 157 148 
167 197 155 201 169 187 144 165 143 164 173 165 148 132 180 136 
176 156 156 158 154 142 160 155 153 143 143 166 152 156 161 157 
171 188 163 155 203 138 156 154 143 147 162 162 167 162 141 122 
180 180 165 148 186 192 166 147 170 176 171 152 166 174 176 160 
