170 146 171 161 153 155 169 204 169 164 145 163 162 182 143 163 
167 146 174 127 141 170 149 155 154 178 161 172 159 136 153 170 
181 150 163 177 186 155 170 141 156 155 155 167 138 202 141 157 
181 174 171 170 150 150 166 152 156 158 149 158 153 149 160 142 
187 161 177 165 144 164 165 169 157 154 148 156 127 160 180 168 
177 169 148 159 162 159 162 177 139 161 174 147 179 187 185 181 
186 155 162 166 162 138 148 180 181 166 142 191 722 7315 2501 249 
174 157 164 167 167 155 164 147 156 144 160 196 2248 14788 7600 424 
180 145 164 168 168 139 173 183 151 162 175 185 713 6559 2530 234 
171 161 139 187 171 157 149 138 155 155 158 173 175 187 179 185 
167 143 154 146 177 144 146 153 158 159 180 148 162 185 191 168 
171 177 172 130 153 153 157 148 182 172 140 158 180 160 138 161 
182 176 163 189 168 170 154 164 154 132 148 155 169 160 157 143 
186 159 176 156 135 181 156 161 158 161 168 157 157 157 176 150 
189 170 195 164 140 156 156 181 139 154 168 134 162 131 156 149 
187 133 179 160 181 185 148 167 172 158 171 165 175 163 142 170 
