1025 1037 1064 1091 1068 1125 1101 1210 1125 1152 1153 1067 1106 1077 1048 1006 
1066 1096 1162 1215 1181 1132 1167 1160 1208 1189 1207 1246 1198 1201 1190 1078 
1130 1130 1184 1108 1207 1281 1268 1173 1274 1257 1318 1351 1183 1307 1285 1160 
1184 1191 1175 1229 1268 1290 1266 1312 1292 1336 1300 1304 1303 1355 1301 1194 
1117 1244 1219 1229 1251 1252 1241 1279 1325 1327 1399 1418 1434 1486 1415 1336 
1163 1228 1228 1193 1266 1312 1345 1360 1396 1386 1514 1623 1703 1648 1561 1447 
1160 1156 1230 1285 1297 1302 1354 1300 1470 1518 1574 1894 1977 2132 2044 1716 
1132 1217 1262 1257 1325 1336 1280 1338 1490 1598 1806 2268 2742 3267 3057 2291 
1125 1206 1196 1274 1196 1328 1349 1343 1501 1604 1917 2697 6940 37518 19681 3369 
1091 1151 1195 1217 1208 1336 1309 1368 1469 1654 1996 2990 17896 95182 50129 5054 
1111 1127 1247 1289 1320 1292 1351 1411 1520 1718 2011 2672 8229 52139 18841 3712 
1191 1220 1234 1268 1264 1192 1318 1333 1455 1565 1820 2170 2811 3646 3205 2311 
1227 1156 1206 1236 1202 1260 1386 1346 1384 1497 1613 1832 1982 2192 2109 1770 
1086 1112 1233 1245 1235 1246 1265 1316 1338 1334 1481 1533 1716 1703 1630 1486 
1171 1138 1187 1219 1220 1194 1226 1110 1241 1231 1393 1366 1442 1440 1435 1314 
1007 1034 1025 1105 1088 1111 1098 1159 1127 1207 1194 1225 1261 1233 1185 1105 
