1093 1128 1078 1062 1019 1040 1131 1054 1078 1120 1090 1088 1133 1023 1032 905 
1010 1008 1162 1162 1093 1145 1166 1164 1077 1089 1093 1087 1052 1125 1028 1039 
1025 1111 1150 1182 1212 1124 1099 1193 1157 1183 1133 1164 1113 1185 1080 1024 
1035 1113 1131 1116 1162 1151 1094 1169 1156 1128 1158 1160 1053 1175 1057 1045 
1130 1138 1088 1132 1275 1134 1208 1213 1180 1195 1112 1137 1247 1173 1068 1075 
1081 1095 1059 1156 1141 1147 1148 1163 1205 1221 1165 1098 1145 1081 1095 1053 
1070 1084 1153 1130 1143 1191 1156 1230 1190 1091 1155 1132 1145 1139 1132 984 
1062 1145 1165 1135 1234 1173 1131 1175 1110 1126 1205 1250 1128 1130 1119 1019 
1079 1128 1145 1161 1233 1172 1179 1225 1165 1216 1222 1233 1174 1210 1134 986 
1023 1028 1051 1179 1186 1132 1231 1208 1147 1199 1263 1191 1257 1184 1132 1054 
1107 1035 1070 1202 1131 1185 1236 1196 1189 1201 1197 1204 1206 1191 1242 1085 
1052 1111 1169 1094 1191 1151 1169 1193 1168 1243 1166 1194 1288 1255 1323 1145 
1050 1123 1175 1084 1113 1184 1247 1131 1168 1224 1239 1325 1335 1378 1313 1295 
1005 1060 1072 1020 1117 1107 1116 1129 1215 1295 1361 1481 1753 1865 1692 1382 
1000 990 1052 1046 1042 1049 1112 1169 1162 1206 1345 1725 4180 9279 4619 1628 
956 973 1017 1019 1061 1009 1008 1050 1107 1167 1305 1662 10268 45480 27131 2340 
