190 155 148 150 147 154 155 163 145 149 129 155 170 149 142 149 
174 150 155 163 148 144 163 160 143 129 146 166 146 151 156 167 
168 153 154 175 154 148 170 182 169 160 160 152 175 157 165 169 
207 142 186 152 157 137 141 145 155 156 179 169 159 204 221 175 
179 172 151 165 127 153 168 141 168 156 170 171 877 7834 2440 282 
150 187 152 141 136 160 151 191 163 146 159 204 2212 14220 7415 431 
148 137 139 171 167 169 143 171 143 154 165 176 554 4185 2341 185 
184 138 177 183 161 139 142 161 166 167 154 186 169 196 173 174 
173 177 142 175 153 147 178 146 145 149 160 162 156 156 154 173 
193 166 141 156 145 175 155 158 174 169 132 149 148 135 143 156 
164 178 159 171 151 165 156 135 149 154 148 165 160 159 157 125 
165 179 165 144 169 150 164 140 170 145 170 179 150 130 170 155 
167 181 170 134 155 155 151 163 190 147 147 167 186 184 144 167 
187 160 174 182 149 142 165 168 143 150 180 153 193 134 157 148 
153 150 172 159 144 159 167 169 171 176 176 168 161 166 168 143 
142 162 212 157 168 149 195 150 160 158 172 173 188 144 174 175 
