998 1105 1098 1095 1064 1135 1124 1099 1074 1076 1131 1173 1128 1107 994 974 
1089 1088 1106 1216 1130 1126 1169 1188 1167 1126 1081 1223 1153 1091 1077 1082 
1085 1196 1136 1184 1161 1168 1176 1161 1142 1168 1201 1121 1152 1201 1116 1116 
1132 1193 1166 1220 1129 1217 1213 1197 1239 1235 1238 1148 1121 1114 1136 993 
1135 1148 1201 1202 1286 1289 1258 1203 1214 1196 1200 1221 1158 1229 1171 1044 
1136 1215 1212 1185 1227 1296 1201 1278 1293 1258 1233 1301 1174 1208 1223 1141 
1072 1165 1206 1145 1213 1314 1248 1257 1240 1226 1245 1255 1232 1238 1176 1163 
1096 1141 1199 1228 1255 1229 1247 1240 1252 1285 1293 1323 1331 1303 1179 1203 
1053 1149 1191 1134 1134 1204 1293 1238 1213 1317 1256 1330 1333 1326 1299 1216 
1060 1167 1201 1177 1229 1302 1286 1215 1271 1342 1337 1294 1498 1422 1420 1316 
1121 1161 1146 1224 1185 1263 1240 1356 1281 1398 1479 1572 1744 1779 1708 1473 
1098 1110 1166 1121 1166 1294 1263 1228 1375 1432 1540 1803 2125 2512 2340 1785 
1109 1114 1115 1160 1204 1250 1224 1268 1379 1478 1701 2184 5138 13208 7770 2481 
1051 1123 1144 1191 1212 1213 1299 1311 1336 1471 1745 2447 13359 68053 42455 3940 
1126 1010 1090 1140 1142 1139 1236 1342 1315 1472 1606 2197 7966 42423 17992 4056 
1014 1001 1022 1019 1143 1062 1126 1234 1164 1358 1497 1698 2325 3868 3851 2197 
