184 175 175 177 174 175 167 192 156 191 161 181 158 166 177 170 
153 153 201 153 150 162 169 142 167 131 147 163 163 149 152 162 
180 166 173 176 143 159 161 152 160 177 131 159 175 158 161 147 
173 184 173 158 153 166 145 172 161 173 135 172 161 145 153 153 
162 175 153 137 122 145 135 160 155 174 141 143 143 153 148 163 
168 158 166 149 169 141 151 142 151 147 158 158 169 166 164 191 
158 144 189 143 154 157 166 136 164 169 171 159 155 164 166 147 
180 162 181 153 156 139 129 151 171 149 164 156 166 175 161 143 
171 184 170 149 168 158 158 173 156 160 163 193 176 153 159 153 
167 158 162 150 151 182 132 169 174 155 173 153 599 4014 2424 185 
171 194 161 161 164 138 143 155 152 154 181 168 2097 14187 7574 401 
198 150 146 169 135 155 158 153 146 131 170 183 888 7938 2522 326 
171 152 151 146 163 144 155 160 155 137 155 163 168 202 223 196 
205 163 183 153 163 153 138 154 175 129 162 188 157 150 155 154 
188 162 145 163 161 132 150 159 154 140 149 173 159 158 156 184 
194 182 160 159 160 158 137 157 175 171 185 166 165 175 146 156 
