1056 1120 1098 1102 1071 1143 1135 1101 1146 1199 1196 1239 1241 1204 1314 1170 
1051 1034 1139 1131 1160 1184 1164 1205 1205 1276 1370 1403 1398 1414 1442 1186 
1081 1159 1169 1206 1204 1248 1313 1304 1347 1414 1434 1570 1716 1763 1606 1474 
1195 1159 1136 1222 1216 1253 1291 1341 1413 1526 1583 1895 2128 2309 2111 1685 
1113 1173 1186 1215 1236 1280 1332 1313 1433 1593 1842 2238 2964 3525 3245 2353 
1110 1260 1186 1207 1305 1369 1413 1443 1522 1664 1940 2725 8043 52899 20056 3655 
1089 1178 1213 1259 1278 1295 1375 1408 1482 1714 2037 2991 16927 94401 52488 5178 
1086 1184 1223 1267 1314 1365 1337 1508 1455 1687 1884 2693 6684 36716 20569 3350 
1084 1147 1243 1285 1212 1322 1357 1390 1431 1541 1812 2200 2791 3251 3093 2271 
1130 1161 1262 1252 1352 1267 1333 1359 1468 1483 1720 1777 2124 2250 2039 1787 
1148 1245 1180 1223 1250 1303 1276 1351 1368 1418 1525 1640 1729 1619 1648 1456 
1132 1189 1226 1247 1245 1197 1269 1255 1303 1353 1364 1460 1432 1500 1377 1298 
1127 1185 1123 1201 1265 1220 1229 1312 1336 1329 1352 1426 1364 1324 1335 1336 
1160 1169 1131 1180 1139 1201 1220 1210 1160 1311 1264 1307 1326 1246 1235 1139 
1112 1183 1176 1210 1166 1108 1128 1186 1213 1194 1249 1235 1218 1200 1201 1132 
1027 1139 1107 1085 1148 1167 1103 1102 1100 1163 1154 1171 1134 1090 1103 943 
