1052 1044 1031 1091 1125 1119 1144 1187 1109 1204 1252 1320 1320 1425 1354 1154 
1049 1163 1153 1210 1170 1185 1159 1247 1272 1311 1343 1593 1615 1675 1608 1435 
1050 1132 1160 1206 1260 1239 1267 1256 1385 1428 1564 1731 1972 2258 2013 1788 
1142 1163 1164 1175 1252 1282 1315 1361 1363 1548 1885 2195 2836 3609 3361 2391 
1148 1111 1220 1286 1201 1364 1259 1360 1516 1607 2002 2754 8657 51927 18747 3797 
1122 1236 1222 1242 1258 1342 1347 1391 1433 1645 2014 2992 17171 91856 49691 4901 
1089 1176 1245 1227 1238 1302 1285 1436 1477 1630 2021 2635 6266 29586 18251 2976 
1146 1179 1259 1258 1273 1252 1301 1432 1419 1655 1809 2191 2719 3101 2811 2113 
1129 1164 1196 1246 1293 1225 1349 1332 1391 1541 1660 1816 1887 1941 1960 1835 
1155 1174 1239 1292 1287 1331 1322 1258 1367 1432 1428 1532 1649 1554 1594 1396 
1101 1161 1213 1301 1187 1237 1342 1266 1320 1350 1373 1439 1384 1432 1414 1236 
1158 1134 1244 1159 1255 1247 1267 1238 1309 1329 1417 1395 1368 1260 1376 1190 
1090 1181 1140 1114 1284 1165 1266 1251 1297 1315 1268 1320 1288 1325 1200 1172 
1105 1110 1264 1230 1203 1183 1215 1248 1164 1176 1308 1195 1292 1153 1179 1147 
1117 1186 1181 1198 1092 1156 1125 1138 1174 1183 1244 1162 1204 1166 1145 1056 
1034 1067 1174 1066 1079 1073 1115 1103 1134 1098 1099 1133 1128 1047 1120 1021 
