966 1063 1023 1063 1009 1050 1042 1078 1088 1130 1358 1701 10372 45874 26847 2263 
1035 1025 1046 1040 1080 1116 1115 1118 1194 1241 1358 1702 4235 9520 4704 1690 
1055 1100 1109 1099 1136 1120 1121 1224 1223 1293 1293 1492 1842 1978 1719 1340 
1121 1096 1139 1190 1209 1159 1161 1225 1216 1263 1284 1324 1382 1380 1371 1223 
1011 1101 1116 1147 1146 1130 1089 1192 1236 1222 1174 1263 1332 1249 1268 1117 
1085 1130 1167 1192 1166 1150 1196 1145 1175 1209 1190 1231 1207 1194 1226 1115 
1085 1131 1166 1168 1192 1121 1155 1199 1207 1161 1258 1204 1225 1134 1232 1041 
1026 1119 1152 1164 1104 1159 1260 1157 1237 1170 1212 1227 1156 1213 1160 1120 
1072 1114 1194 1165 1080 1110 1181 1140 1231 1172 1172 1261 1204 1197 1033 1032 
1022 1119 1171 1237 1243 1184 1215 1195 1217 1239 1197 1205 1193 1085 1067 1064 
1068 1113 1107 1178 1147 1194 1131 1169 1216 1189 1161 1147 1202 1112 1152 1026 
1055 1132 1155 1143 1249 1253 1134 1159 1240 1213 1210 1215 1129 1169 1085 1025 
1057 1148 1149 1168 1142 1122 1195 1228 1094 1124 1186 1134 1126 1057 1044 1001 
1028 1131 1122 1206 1148 1181 1175 1151 1181 1243 1190 1151 1154 1067 1140 989 
979 1169 1103 1086 1173 1114 1151 1224 1141 1086 1035 1077 1095 1056 1086 1021 
1062 1018 1061 1104 1087 1048 1108 1058 1093 1092 1101 1068 1029 1056 1045 976 
