180 190 182 154 179 180 146 186 178 178 171 175 170 146 148 185 
170 162 148 181 164 165 160 175 141 169 142 155 140 143 144 178 
182 195 156 170 150 193 165 162 150 153 144 148 169 162 170 144 
189 160 167 163 175 165 132 172 161 154 174 159 154 156 150 164 
156 167 155 153 150 181 156 166 159 152 148 140 169 142 156 168 
183 169 147 148 155 153 138 138 134 168 146 147 168 160 144 164 
159 147 144 165 162 154 142 168 155 166 146 159 151 157 144 158 
181 173 152 170 136 170 156 144 163 155 145 144 168 158 148 153 
176 155 144 158 141 159 171 151 156 174 136 158 139 165 144 172 
143 168 156 142 172 169 153 154 193 156 165 148 144 159 166 166 
159 170 179 175 175 159 152 162 141 167 152 178 202 196 169 155 
162 158 179 146 154 157 143 126 132 168 173 177 547 2162 1228 178 
175 151 191 123 159 156 178 156 174 171 174 181 1792 12262 7125 355 
164 170 156 156 157 133 141 138 174 164 156 166 892 7059 2515 357 
179 149 167 143 167 162 145 158 151 186 167 176 168 256 360 186 
162 167 143 139 150 151 139 153 149 177 156 166 197 182 198 170 
