1021 1033 1076 961 1101 1099 1105 1176 1167 1216 1459 1516 1751 1955 1840 1562 
1027 1146 1069 1147 1118 1143 1172 1230 1296 1443 1590 2026 2552 3632 3736 2132 
1174 1165 1181 1146 1217 1171 1253 1303 1343 1394 1719 2424 8345 46611 18617 4009 
1046 1141 1163 1200 1258 1300 1254 1354 1426 1653 1861 2666 14093 77750 47721 4427 
1071 1135 1159 1206 1198 1202 1242 1337 1406 1528 1773 2398 5501 16549 10755 2535 
1155 1164 1183 1268 1174 1275 1266 1346 1363 1466 1650 1871 2386 2549 2434 1948 
1117 1183 1181 1213 1170 1206 1235 1292 1304 1349 1524 1649 1858 1897 1801 1553 
1144 1195 1195 1158 1212 1289 1255 1292 1324 1413 1387 1463 1597 1484 1464 1305 
1070 1127 1240 1246 1253 1285 1262 1305 1257 1305 1301 1428 1419 1331 1357 1159 
1151 1210 1244 1235 1243 1239 1224 1278 1286 1292 1287 1360 1315 1314 1336 1160 
1173 1204 1170 1224 1281 1220 1279 1307 1286 1294 1259 1278 1297 1227 1303 1212 
1131 1191 1202 1256 1239 1248 1198 1265 1245 1239 1259 1289 1263 1116 1152 1140 
1126 1162 1194 1169 1170 1178 1178 1182 1152 1186 1172 1187 1142 1158 1083 1121 
1139 1126 1239 1129 1231 1176 1221 1165 1219 1246 1145 1205 1211 1166 1135 1026 
1077 1076 1082 1082 1131 1173 1145 1153 1215 1175 1124 1141 1141 1096 1036 1027 
1027 984 1126 1074 1174 1113 1144 1104 1065 1109 1146 1086 1102 1114 1095 970 
