201 197 196 178 173 142 198 158 178 173 158 171 176 138 147 128 
150 136 170 175 162 152 153 165 146 157 145 180 142 157 159 145 
187 141 150 158 156 142 158 158 166 178 156 138 160 160 136 148 
154 167 162 150 157 157 149 146 156 135 156 151 144 152 145 161 
163 166 127 137 158 145 140 162 182 148 152 143 166 146 142 150 
170 142 131 156 155 140 152 136 159 178 163 144 131 136 142 158 
157 156 171 150 124 135 145 158 130 123 140 134 136 159 155 127 
165 147 151 154 174 147 123 142 144 166 152 154 137 162 147 152 
168 174 152 153 157 144 138 167 171 142 157 160 139 149 124 119 
153 148 147 180 143 133 151 136 122 143 155 163 143 154 156 145 
155 130 132 169 158 147 165 114 153 126 145 138 137 165 141 138 
152 158 172 142 171 142 143 146 166 160 135 134 131 117 147 137 
158 149 167 144 138 147 158 128 148 158 129 159 140 160 132 156 
162 150 172 151 141 154 145 170 154 167 150 145 208 165 157 151 
158 120 154 169 116 142 176 161 148 139 172 170 492 1280 511 159 
168 151 158 129 163 144 126 160 145 177 163 185 1486 7281 4271 245 
