980 1004 1017 1056 1073 1092 1105 1124 1111 1175 1249 1520 1675 2089 3175 3626 
1048 1055 1076 1121 1154 1127 1191 1195 1120 1281 1329 1615 2150 6049 34966 16825 
977 1107 1128 1092 1202 1209 1143 1133 1261 1271 1397 1586 2341 11609 57546 36834 
1014 1076 1171 1179 1203 1150 1141 1265 1292 1227 1398 1621 2158 4859 12127 6534 
1145 1141 1176 1138 1165 1207 1263 1273 1296 1288 1315 1481 1694 1928 2230 1945 
1099 1137 1154 1197 1215 1185 1218 1189 1212 1292 1262 1387 1483 1558 1578 1476 
1032 1106 1245 1202 1205 1236 1121 1238 1183 1263 1319 1293 1374 1400 1381 1279 
1039 1158 1166 1162 1279 1176 1210 1231 1162 1227 1237 1284 1333 1284 1290 1150 
1073 1132 1240 1205 1151 1140 1178 1254 1207 1260 1325 1236 1163 1293 1214 1158 
1089 1152 1196 1180 1216 1149 1200 1198 1288 1310 1195 1175 1190 1119 1190 1126 
1072 1095 1192 1222 1212 1237 1227 1203 1221 1218 1220 1162 1251 1194 1142 1101 
1106 1156 1150 1147 1191 1262 1166 1242 1172 1248 1171 1188 1255 1094 1108 1071 
1016 1198 1186 1159 1164 1158 1239 1209 1085 1142 1165 1203 1125 1086 1081 1071 
1109 1133 1098 1145 1205 1156 1171 1102 1165 1086 1089 1145 1217 1154 1045 1038 
1043 1153 1118 1147 1110 1129 1120 1139 1122 1123 1112 1113 1170 1099 1062 1003 
1057 1130 1039 1079 1058 1160 1082 1129 1110 1062 1099 1054 1052 951 1041 993 
