193 177 163 177 185 161 157 160 194 153 171 140 171 143 149 141 
187 163 166 159 170 156 153 151 155 160 155 182 150 150 146 145 
198 161 153 157 169 141 177 170 158 152 126 159 154 146 175 133 
200 159 152 150 145 152 188 155 166 181 158 125 145 161 136 159 
179 178 158 173 140 178 140 160 164 169 141 160 152 139 134 137 
190 186 178 148 143 172 170 138 136 134 151 134 163 130 139 164 
175 162 149 173 135 172 163 153 139 145 168 160 158 175 154 144 
160 183 165 171 174 164 159 138 160 152 146 173 182 167 177 181 
173 181 144 145 156 118 123 161 171 156 151 139 191 158 193 164 
173 162 165 136 145 156 150 139 142 150 146 177 179 542 3362 1945 
170 155 162 174 150 157 141 145 160 147 151 159 194 1666 12624 6663 
190 162 164 156 162 177 159 136 147 157 174 130 183 685 6409 2251 
188 161 149 135 166 151 163 148 158 137 153 163 158 192 190 199 
163 181 168 128 158 141 150 164 160 154 150 161 175 138 180 165 
170 164 130 141 165 157 122 165 168 152 161 175 156 160 139 144 
158 161 166 157 167 160 186 161 186 135 171 153 139 157 172 149 
