185 154 169 166 181 183 163 174 180 148 170 168 151 162 174 179 
173 164 173 153 155 148 177 136 144 159 177 138 153 159 155 163 
178 169 182 162 161 179 137 156 178 148 153 142 167 150 133 165 
175 149 165 177 147 139 176 155 155 127 152 156 153 146 149 143 
182 136 157 158 145 168 148 176 184 150 142 150 141 138 130 144 
176 131 152 148 155 152 157 154 156 143 141 156 134 137 158 141 
172 155 160 164 148 168 140 163 144 150 138 162 149 135 134 164 
146 150 156 146 148 147 158 156 142 145 170 165 142 137 148 152 
158 165 154 157 159 175 164 167 146 137 141 177 136 131 170 149 
184 160 188 161 147 139 142 160 133 153 141 140 151 156 149 151 
170 168 172 183 137 159 144 136 147 148 143 159 148 153 174 184 
171 151 149 130 141 163 151 153 146 147 147 146 155 174 194 162 
176 159 143 149 152 170 146 157 166 167 163 140 174 521 1640 744 
193 155 150 148 127 149 160 145 132 154 162 146 192 1397 9013 5681 
191 177 136 142 146 156 149 163 152 132 133 139 153 687 5216 2485 
146 151 133 138 157 155 149 153 151 152 150 168 174 181 302 382 
