1061 1013 1106 1157 1087 1060 1087 1076 1146 1095 1135 1080 1053 1042 998 1027 
1088 1109 1140 1154 1144 1136 1209 1197 1106 1156 1198 1190 1122 1049 1093 1001 
1131 1145 1157 1181 1152 1161 1217 1155 1202 1250 1139 1275 1216 1133 1224 1076 
1154 1153 1149 1199 1173 1204 1265 1238 1252 1209 1201 1243 1241 1237 1192 1052 
1123 1171 1201 1126 1139 1186 1225 1182 1253 1344 1261 1305 1336 1258 1260 1210 
1175 1153 1177 1196 1173 1227 1247 1229 1198 1220 1281 1284 1402 1349 1381 1305 
1078 1148 1232 1302 1211 1239 1205 1253 1289 1311 1440 1419 1433 1497 1509 1402 
1044 1138 1180 1191 1301 1271 1244 1250 1323 1370 1349 1472 1620 1757 1954 1700 
1111 1233 1199 1213 1232 1198 1164 1270 1333 1369 1460 1644 1974 2429 2858 2529 
1138 1195 1194 1115 1180 1200 1326 1273 1294 1394 1543 1735 2375 5755 24293 15408 
1044 1154 1217 1229 1198 1207 1258 1334 1372 1408 1590 1842 2771 13337 81188 43840 
1024 1129 1219 1253 1179 1254 1244 1268 1325 1384 1576 1859 2385 6950 42910 17273 
1102 1147 1199 1183 1284 1195 1291 1234 1324 1332 1477 1622 1996 2558 3079 2924 
1035 1129 1120 1186 1301 1204 1222 1249 1306 1359 1380 1521 1734 1784 1951 1845 
1085 1099 1104 1104 1144 1202 1122 1162 1242 1279 1257 1375 1459 1461 1452 1402 
1041 1022 1080 1071 1123 1114 1132 1108 1160 1185 1207 1115 1314 1257 1270 1207 
