1073 1096 1081 1124 1167 990 1123 1069 1096 1042 1094 1138 1146 1120 1142 991 
1095 1098 1174 1165 1111 1179 1200 1152 1180 1229 1263 1333 1238 1262 1328 1182 
1126 1107 1214 1200 1204 1189 1312 1245 1252 1274 1297 1311 1374 1409 1330 1269 
1119 1105 1131 1238 1193 1282 1236 1245 1190 1287 1423 1455 1464 1503 1531 1483 
1095 1125 1110 1206 1258 1260 1263 1291 1284 1274 1407 1567 1690 1949 2037 1907 
1142 1228 1134 1153 1203 1307 1283 1354 1378 1346 1442 1666 1976 2621 3119 2834 
1116 1164 1187 1219 1238 1298 1137 1352 1394 1430 1587 1873 2473 6318 39512 18496 
1113 1221 1169 1268 1267 1172 1305 1306 1357 1451 1619 1971 2802 13509 84906 47537 
1195 1139 1182 1179 1230 1216 1278 1326 1359 1381 1541 1844 2417 6077 35236 18682 
1083 1156 1274 1217 1280 1267 1271 1334 1306 1384 1561 1614 1990 2584 3049 2758 
1174 1139 1189 1248 1248 1235 1272 1267 1305 1363 1401 1590 1740 1863 1998 1861 
1166 1182 1179 1164 1316 1271 1287 1297 1265 1245 1391 1439 1520 1621 1604 1475 
1123 1182 1141 1162 1216 1244 1241 1227 1328 1332 1300 1294 1393 1377 1358 1317 
1114 1103 1128 1202 1139 1248 1193 1266 1231 1308 1248 1251 1267 1220 1261 1130 
1064 1166 1136 1188 1180 1143 1191 1168 1162 1196 1219 1216 1192 1191 1167 1064 
1029 1040 1068 1120 1007 1093 1098 1205 1096 1182 1120 1050 1130 1149 1085 1025 
