172 139 150 163 165 141 144 149 132 147 139 151 188 623 4574 2267 
186 150 148 137 138 133 145 163 128 136 136 140 181 1435 7700 4634 
150 162 142 152 135 154 154 153 159 156 151 171 167 530 1450 594 
157 160 157 174 160 147 132 130 131 146 146 149 167 144 193 154 
166 143 142 162 171 153 141 157 145 172 123 150 144 143 148 159 
167 149 156 157 134 153 166 144 128 169 153 147 166 146 168 182 
172 183 129 149 134 162 128 141 146 141 151 152 144 146 143 131 
170 150 146 156 140 150 157 140 155 127 157 163 149 147 160 136 
164 148 142 146 131 174 150 161 146 129 170 148 142 145 148 125 
177 160 180 152 145 181 146 148 137 142 162 164 145 149 161 153 
146 156 169 170 164 161 150 144 140 151 132 169 128 173 127 156 
167 139 162 146 159 154 130 141 139 144 151 135 172 150 150 132 
183 165 152 158 164 138 163 150 155 146 153 168 148 151 144 161 
172 170 137 158 142 169 169 122 154 185 144 157 162 166 150 169 
167 158 150 150 164 143 149 157 156 144 130 141 146 153 158 137 
179 163 191 161 192 190 178 179 167 186 173 168 143 173 155 139 
