1015 1108 1068 1093 1106 1074 1089 1074 1075 1128 1183 1244 1266 1229 1167 1114 
1018 1174 1130 1157 1093 1134 1216 1173 1288 1228 1227 1306 1352 1322 1268 1222 
1017 1180 1148 1173 1225 1239 1206 1240 1201 1216 1344 1398 1523 1564 1630 1436 
1092 1120 1150 1122 1181 1252 1317 1279 1322 1352 1472 1616 1679 1892 1950 1865 
1062 1136 1147 1201 1238 1219 1248 1293 1274 1353 1501 1715 1971 2444 3051 2832 
1071 1163 1253 1203 1199 1219 1255 1276 1344 1415 1586 1769 2435 6790 42502 18267 
1068 1101 1232 1294 1294 1259 1286 1295 1324 1427 1601 1978 2664 13428 83435 46289 
1056 1207 1230 1244 1129 1269 1290 1363 1343 1389 1522 1799 2338 5896 29582 17364 
1127 1120 1211 1207 1224 1238 1275 1326 1322 1360 1481 1746 1978 2468 2878 2687 
1147 1161 1169 1271 1237 1215 1260 1271 1396 1394 1356 1562 1667 1726 1848 1711 
1172 1138 1190 1203 1219 1229 1243 1287 1308 1317 1374 1421 1469 1478 1541 1568 
1114 1170 1175 1212 1180 1257 1252 1272 1248 1317 1260 1344 1349 1397 1449 1341 
1119 1127 1105 1182 1245 1219 1232 1206 1283 1330 1175 1292 1318 1278 1258 1116 
1118 1043 1174 1140 1207 1169 1284 1246 1215 1194 1216 1212 1244 1209 1174 1059 
1052 1094 1096 1109 1080 1186 1144 1206 1159 1187 1117 1185 1145 1102 1169 1115 
979 1047 1077 1121 1095 1106 1072 1116 1097 1131 1106 1046 1074 1095 1061 993 
