180 142 150 181 190 163 158 183 181 158 204 145 173 143 153 147 
175 167 175 176 150 200 157 152 152 151 163 153 139 145 151 140 
169 180 172 161 166 166 137 162 177 143 156 157 181 143 157 150 
178 159 139 140 138 172 177 177 167 145 158 168 122 126 138 159 
159 155 142 143 167 144 168 163 153 171 169 153 137 150 146 143 
195 142 162 167 154 164 167 161 150 145 167 172 151 149 132 148 
162 159 151 164 178 155 160 161 172 140 147 173 155 151 181 179 
158 168 158 183 148 138 162 162 169 131 161 127 151 175 174 160 
173 177 146 170 165 143 150 135 177 141 158 164 186 596 4389 2209 
189 147 167 150 154 150 170 141 151 147 149 168 191 1741 13318 6645 
170 135 139 152 154 166 144 128 161 143 139 160 176 664 6461 2281 
186 152 173 139 147 140 165 150 133 152 155 160 168 168 187 180 
169 145 162 151 123 140 149 149 160 149 138 145 165 149 161 146 
158 139 139 175 161 165 164 167 165 128 184 176 169 161 167 149 
186 183 164 136 132 151 158 163 171 169 147 165 146 159 134 152 
188 174 132 142 177 141 176 144 167 162 175 153 147 171 167 170 
