1042 1025 1026 1058 1060 1143 1142 1123 1153 1021 1105 1076 1112 1037 1028 998 
1100 1107 1167 1015 1101 1113 1079 1077 1121 1084 1153 1052 1094 1147 1101 1038 
1101 1139 1174 1178 1137 1218 1143 1168 1144 1122 1112 1109 1195 1125 1079 1029 
1096 1089 1125 1158 1137 1206 1209 1170 1150 1185 1181 1097 1132 1086 1142 1027 
1110 1138 1185 1215 1214 1196 1183 1193 1244 1185 1188 1131 1172 1230 1101 1047 
1054 1079 1196 1107 1235 1238 1253 1259 1250 1219 1178 1107 1230 1255 1173 1080 
1070 1113 1115 1169 1163 1239 1203 1249 1208 1280 1198 1269 1249 1187 1208 1118 
1082 1097 1190 1103 1161 1222 1222 1287 1197 1280 1234 1337 1233 1230 1215 1122 
1061 1133 1235 1183 1236 1189 1249 1215 1246 1251 1229 1246 1310 1308 1345 1168 
1124 1224 1209 1238 1135 1175 1209 1215 1193 1272 1385 1300 1348 1413 1448 1284 
1170 1194 1172 1252 1158 1224 1185 1250 1275 1264 1301 1362 1546 1538 1584 1532 
1059 1120 1094 1142 1142 1207 1187 1246 1186 1316 1383 1477 1657 1951 2238 1989 
1048 1107 1125 1176 1142 1203 1163 1255 1271 1303 1443 1633 2108 4673 12262 6771 
1062 1066 1133 1138 1131 1137 1188 1195 1191 1287 1332 1723 2252 11228 58197 37463 
1020 1027 1145 1059 1154 1132 1163 1207 1186 1196 1336 1579 1968 6043 35059 17523 
984 992 1064 995 1052 1015 1111 1104 1156 1192 1322 1406 1645 2220 3313 3729 
