140 159 147 173 157 136 129 145 146 157 138 165 140 1299 6075 3735 
174 124 171 143 146 150 144 156 124 146 141 143 151 480 1193 506 
163 137 134 141 148 145 134 160 154 147 157 144 144 165 198 151 
166 143 145 125 142 130 151 119 133 126 150 154 148 150 147 142 
171 178 146 148 147 142 166 153 148 160 154 157 166 127 144 166 
182 133 158 159 137 133 153 143 157 119 160 128 174 130 182 145 
162 148 144 125 131 151 148 136 160 136 164 157 126 175 128 149 
185 147 147 145 174 144 160 129 149 146 149 167 147 149 148 131 
159 150 171 124 131 144 168 129 154 124 135 144 136 159 153 158 
162 154 161 157 166 143 150 158 142 143 162 159 135 125 157 156 
174 146 124 139 146 131 149 144 140 150 154 155 141 160 140 148 
173 170 150 160 141 149 158 148 151 146 156 139 166 138 166 139 
176 183 177 171 145 158 142 136 164 149 161 143 127 159 130 144 
176 172 158 138 153 166 177 140 132 132 154 135 139 146 148 136 
172 171 190 176 154 144 156 145 147 162 174 163 150 165 142 153 
167 168 164 166 174 187 176 163 164 161 153 176 150 173 165 157 
