207 160 159 165 156 184 162 175 155 162 164 157 154 149 177 162 
195 162 143 146 170 168 169 133 161 151 146 148 150 168 156 142 
183 167 158 156 164 130 134 179 177 163 157 142 147 146 156 146 
152 156 168 164 146 165 162 168 149 162 151 163 148 146 161 144 
165 155 172 161 139 149 140 147 178 139 130 167 141 157 170 148 
193 168 165 153 193 151 152 142 139 144 170 148 168 167 147 158 
152 138 171 168 185 134 158 157 151 168 161 167 136 166 139 157 
179 158 140 166 158 148 138 163 160 169 150 158 160 152 160 151 
173 182 161 142 142 157 150 181 131 136 127 156 172 139 164 127 
167 162 161 148 141 136 170 151 159 166 146 173 155 150 144 165 
168 173 152 168 158 119 154 159 156 118 146 147 160 182 142 163 
165 176 151 145 201 144 130 167 138 149 163 160 164 534 1991 1159 
186 155 146 155 167 134 157 158 154 145 123 164 171 1530 10481 6106 
160 141 138 148 141 152 132 148 166 137 144 148 153 696 5842 2332 
175 150 163 174 136 135 127 155 165 161 139 159 171 163 213 298 
183 173 175 173 177 165 175 151 164 144 168 161 161 159 176 151 
