996 989 1078 1024 1095 1051 1120 1104 1162 1132 1246 1315 1460 1611 1699 1644 
1058 1105 1132 1133 1151 1126 1191 1195 1170 1279 1293 1559 1847 2274 3121 3336 
1075 1108 1116 1215 1183 1192 1187 1246 1292 1334 1409 1697 2195 6624 38703 17625 
1117 1134 1126 1151 1088 1156 1214 1229 1228 1347 1510 1707 2402 11958 66611 41990 
1067 1161 1248 1258 1198 1285 1220 1327 1261 1343 1511 1654 2166 5280 14881 9093 
1127 1176 1199 1138 1211 1225 1226 1226 1237 1294 1362 1578 1784 2193 2397 2084 
1063 1139 1155 1231 1246 1219 1215 1324 1266 1292 1350 1443 1525 1638 1708 1623 
1032 1102 1229 1219 1208 1208 1303 1262 1285 1247 1338 1381 1401 1423 1454 1290 
1066 1154 1143 1184 1268 1161 1246 1252 1239 1209 1270 1237 1275 1290 1341 1211 
1124 1162 1147 1231 1278 1125 1241 1200 1146 1266 1323 1267 1300 1255 1219 1140 
1127 1203 1192 1178 1222 1204 1196 1274 1167 1244 1258 1247 1190 1291 1212 1124 
1166 1155 1147 1130 1179 1219 1181 1241 1210 1271 1163 1237 1294 1225 1051 1089 
1127 1107 1165 1207 1183 1201 1154 1248 1109 1134 1176 1189 1256 1134 1192 1082 
1086 1028 1132 1237 1121 1151 1147 1186 1160 1104 1208 1196 1258 1169 1142 1044 
1063 1122 1110 1090 1144 1087 1090 1132 1107 1055 1103 1229 1103 1174 1099 948 
1000 1031 1084 1119 1080 1091 1141 1048 1068 1078 1004 1092 1079 1007 1056 986 
