188 163 163 159 158 157 168 153 168 182 175 143 155 161 148 181 
175 161 159 154 174 165 159 142 138 146 165 155 138 171 160 185 
175 152 130 151 132 163 154 174 137 133 156 171 162 180 145 174 
164 138 175 148 144 158 143 150 151 156 168 173 161 153 152 155 
191 155 143 162 147 155 168 143 173 156 163 171 153 152 150 150 
186 143 194 182 166 153 154 123 136 155 147 120 164 148 143 139 
183 161 180 147 159 145 148 130 125 144 148 161 165 133 135 160 
198 169 179 149 159 130 142 154 170 135 160 149 123 148 138 156 
153 146 135 140 187 187 182 168 155 145 160 178 152 156 147 147 
164 166 177 143 161 175 153 131 168 152 181 162 172 164 185 175 
171 158 162 145 156 168 153 157 152 138 153 156 151 528 2537 1576 
171 166 155 156 146 151 144 174 156 149 155 159 174 1566 11594 6736 
177 169 171 160 165 147 170 154 133 155 155 152 130 704 6252 2466 
154 153 190 131 159 151 174 148 150 144 157 155 171 182 203 252 
176 135 165 155 163 161 156 135 163 134 156 148 135 155 168 163 
145 190 175 173 146 134 143 156 159 150 144 139 148 168 150 170 
