1046 1058 1027 1091 1077 1146 1179 1109 1150 1153 1107 1106 1140 1104 1067 1001 
1034 1133 1079 1171 1203 1165 1178 1151 1121 1152 1185 1220 1196 1217 1172 1111 
1078 1145 1206 1178 1234 1213 1163 1234 1215 1262 1215 1204 1306 1260 1301 1200 
1174 1154 1226 1182 1187 1270 1214 1267 1244 1283 1367 1286 1360 1403 1369 1265 
1157 1161 1201 1246 1241 1256 1216 1194 1340 1343 1360 1434 1468 1526 1597 1416 
1148 1155 1213 1217 1357 1287 1264 1269 1350 1385 1417 1483 1677 1856 1935 1772 
1176 1159 1167 1242 1226 1310 1295 1303 1346 1407 1550 1690 1989 2617 3091 2696 
1151 1172 1209 1224 1262 1267 1220 1299 1343 1461 1584 1777 2439 6240 35480 18088 
1144 1153 1200 1253 1238 1284 1322 1371 1343 1444 1653 1907 2762 13785 85450 46479 
1105 1128 1136 1187 1261 1298 1273 1332 1252 1401 1633 1865 2363 6570 39858 18150 
1089 1208 1131 1181 1282 1276 1270 1241 1333 1410 1507 1735 1992 2619 3108 2759 
1097 1162 1188 1235 1212 1228 1229 1262 1326 1316 1368 1595 1677 1880 2030 1874 
1083 1119 1148 1218 1193 1179 1205 1260 1236 1341 1398 1408 1455 1502 1548 1511 
1017 1114 1178 1177 1226 1162 1234 1325 1165 1273 1330 1315 1391 1335 1417 1263 
1069 1112 1121 1190 1197 1150 1205 1150 1146 1238 1262 1248 1232 1288 1231 1161 
1082 1080 1043 1176 1152 1018 1113 1146 1169 1133 1160 1204 1169 1183 1099 1021 
