1038 1052 1097 1094 953 1109 1076 1093 1166 1168 1221 1269 1373 1376 1326 1340 
1037 1047 1084 1111 1196 1198 1178 1273 1276 1240 1309 1508 1599 1752 1887 1728 
1111 1128 1097 1137 1212 1108 1221 1163 1267 1320 1378 1536 1890 2419 3218 3185 
1188 1042 1107 1199 1253 1198 1186 1312 1275 1392 1564 1769 2332 6747 40765 17713 
1084 1171 1123 1169 1307 1283 1285 1260 1322 1384 1604 1856 2640 12799 74182 44231 
1078 1103 1205 1166 1184 1171 1213 1275 1370 1371 1481 1738 2318 5467 18592 12452 
1129 1130 1201 1233 1290 1271 1288 1275 1344 1422 1483 1584 1805 2264 2571 2338 
1117 1158 1158 1241 1272 1179 1251 1362 1258 1345 1397 1489 1555 1787 1759 1672 
1128 1138 1207 1262 1258 1211 1252 1282 1261 1302 1331 1392 1425 1427 1458 1414 
1104 1123 1176 1259 1286 1222 1268 1250 1240 1259 1280 1332 1349 1315 1348 1343 
1137 1098 1189 1204 1282 1176 1237 1212 1212 1304 1229 1269 1204 1322 1240 1175 
1047 1160 1214 1213 1141 1217 1290 1214 1335 1188 1214 1241 1269 1227 1202 1153 
1146 1163 1127 1277 1209 1232 1240 1158 1236 1189 1261 1252 1187 1171 1142 1090 
1062 1151 1114 1131 1239 1266 1162 1175 1225 1162 1288 1206 1206 1152 1108 1122 
1103 1102 1119 1134 1203 1156 1147 1125 1158 1198 1120 1152 1142 1094 1024 1017 
1072 1089 1062 1035 1051 1078 1080 1120 1113 1072 1113 1085 1093 1027 1023 1003 
