182 198 163 172 171 178 195 164 180 147 159 158 145 161 147 158 
166 160 125 156 166 164 173 181 160 145 166 154 144 178 168 133 
164 149 161 162 157 158 157 162 136 132 160 155 145 175 151 162 
156 159 144 162 154 157 171 152 158 143 153 151 143 156 151 160 
159 155 161 164 156 146 149 141 168 138 144 138 156 161 151 156 
162 159 183 142 124 161 143 143 174 150 172 129 156 137 153 150 
186 169 161 125 134 149 162 157 134 154 129 161 150 127 155 145 
158 151 146 161 151 146 160 148 147 143 130 149 148 141 149 143 
167 173 149 147 152 163 157 142 146 133 145 136 152 127 168 138 
161 174 150 168 155 148 131 145 147 104 145 159 154 148 147 156 
185 129 168 159 148 135 134 162 156 140 147 136 148 162 135 154 
173 151 130 160 132 144 163 152 138 143 174 159 121 156 150 140 
189 171 183 132 132 156 161 181 161 161 136 144 139 144 172 142 
154 172 140 140 141 139 155 140 181 129 140 155 146 164 169 155 
164 155 159 124 160 144 118 154 153 134 140 136 175 531 1227 515 
168 165 151 145 133 128 162 146 119 140 142 159 179 1343 5986 3869 
