178 148 138 147 178 134 138 165 167 157 144 152 144 135 157 142 
191 159 160 142 162 171 201 150 150 170 157 143 152 161 177 137 
159 152 172 147 157 166 158 164 147 160 143 145 152 163 156 151 
168 175 152 159 153 145 142 162 149 143 160 160 190 151 171 166 
160 184 138 183 181 162 155 117 164 136 153 159 150 151 167 160 
191 186 140 165 147 172 157 170 172 140 150 168 148 173 182 162 
174 145 141 145 172 162 130 167 172 165 148 187 171 598 5682 2516 
178 160 154 157 149 144 166 139 180 155 161 163 197 1647 13177 7138 
208 168 153 129 135 135 167 162 186 141 175 143 152 546 5136 2473 
178 171 161 177 157 142 153 152 152 136 159 114 155 172 182 170 
174 153 162 164 159 159 158 149 141 163 145 155 164 170 145 144 
162 172 146 163 154 156 155 159 133 155 160 158 153 195 154 159 
177 175 154 153 161 176 157 148 173 164 153 153 147 156 142 162 
162 156 158 159 155 159 175 144 148 171 163 145 176 145 158 151 
182 176 174 154 140 168 166 148 141 141 147 142 171 169 145 175 
172 165 181 163 152 169 173 205 147 162 170 163 173 155 147 148 
