177 182 163 166 145 185 168 165 158 151 146 154 167 174 128 155 
173 155 154 160 151 150 155 143 174 164 161 140 169 159 157 146 
150 160 174 168 151 135 153 140 178 156 136 170 160 124 165 143 
184 176 144 168 142 141 170 152 134 180 144 163 136 159 140 151 
188 161 165 157 135 158 143 141 151 157 152 157 169 147 165 130 
173 169 174 161 169 153 157 153 135 151 167 135 142 163 162 150 
165 133 153 159 119 155 146 140 120 164 158 135 149 131 144 150 
169 149 145 145 152 166 160 169 152 169 137 153 157 154 154 127 
153 176 130 165 161 148 128 148 112 138 142 138 127 136 141 144 
180 166 140 150 183 159 128 157 137 140 122 138 135 153 142 142 
174 191 166 149 135 175 142 164 145 146 160 148 144 146 160 145 
169 165 133 147 121 141 148 158 132 145 163 178 157 144 141 134 
184 162 159 152 175 159 159 154 120 146 141 153 150 193 179 151 
155 165 137 140 159 136 177 135 142 165 145 149 188 542 1387 630 
169 147 152 147 154 152 151 155 162 192 149 170 179 1291 7453 4720 
151 161 149 157 148 160 137 145 140 156 160 176 175 638 4743 2468 
