183 157 167 149 152 141 158 170 158 143 151 155 159 150 141 150 
154 162 187 167 149 154 178 150 167 164 151 152 192 156 160 160 
156 162 168 121 137 176 163 156 156 148 155 154 148 157 171 149 
177 142 148 157 160 171 159 165 153 153 159 151 146 161 140 170 
161 178 172 156 159 168 138 166 143 150 160 140 154 159 176 208 
199 168 161 153 146 148 162 152 149 163 152 144 161 685 6472 2496 
166 147 176 161 160 138 155 139 146 146 148 160 176 1724 13047 6916 
170 172 167 171 149 149 154 154 162 130 173 164 186 530 4315 2230 
195 166 148 152 170 156 158 159 152 152 145 146 148 188 208 171 
190 173 156 166 173 135 153 159 161 163 156 161 163 155 171 157 
170 176 166 171 153 171 149 150 150 159 173 120 147 126 167 149 
166 147 160 141 142 169 160 169 171 146 142 135 155 164 170 165 
170 180 135 127 148 165 155 138 152 191 119 165 152 162 155 130 
177 149 169 139 158 150 159 166 152 157 165 140 173 161 157 133 
158 178 191 163 135 156 158 175 161 191 155 166 151 139 153 158 
214 168 151 174 161 179 167 170 164 175 173 171 165 151 159 152 
