1089 1087 1030 1048 1047 1117 1103 1141 1108 1073 1132 1130 1057 1057 1008 1009 
1064 1083 1006 1156 1134 1108 1217 1086 1187 1099 1140 1111 1132 1145 1102 1037 
1095 1064 1078 1246 1160 1143 1186 1216 1161 1189 1153 1109 1116 1122 1104 1095 
1046 1099 1096 1123 1209 1196 1178 1179 1178 1166 1175 1177 1270 1129 1128 1095 
1101 1180 1211 1193 1225 1251 1157 1214 1294 1254 1203 1270 1234 1171 1189 1105 
1153 1117 1203 1205 1187 1170 1136 1258 1203 1243 1200 1140 1242 1270 1206 1063 
1069 1095 1131 1231 1191 1207 1183 1217 1337 1258 1241 1250 1219 1253 1233 1144 
1096 1156 1097 1164 1173 1210 1163 1301 1232 1320 1266 1354 1272 1266 1315 1203 
1108 1206 1188 1204 1227 1218 1205 1263 1229 1295 1325 1412 1414 1400 1413 1291 
1112 1172 1176 1237 1190 1210 1243 1271 1234 1393 1406 1431 1452 1628 1693 1564 
1049 1181 1152 1216 1252 1211 1194 1263 1288 1231 1435 1574 1823 2128 2301 2101 
1051 1115 1137 1128 1301 1232 1253 1336 1292 1423 1456 1678 2131 5290 15384 9216 
1125 1121 1125 1245 1257 1164 1323 1304 1305 1311 1489 1678 2506 12277 67144 40433 
1077 1089 1099 1150 1134 1148 1186 1259 1264 1248 1505 1694 2194 6638 38203 17074 
1142 1048 1111 1135 1110 1139 1170 1178 1265 1245 1349 1536 1825 2324 3253 3351 
1035 1000 1040 1078 1095 1073 1158 1093 1093 1176 1271 1379 1514 1637 1684 1676 
