1040 1134 1030 1036 1091 1122 1129 1079 1069 1156 1176 1185 1277 1174 1291 1112 
1094 1122 1134 1148 1113 1148 1178 1225 1252 1297 1253 1315 1407 1512 1545 1436 
1132 1190 1161 1205 1190 1270 1212 1255 1239 1322 1402 1445 1607 1858 2043 1860 
1125 1170 1177 1178 1245 1241 1271 1219 1203 1354 1513 1650 2083 2554 3184 2962 
1053 1143 1150 1232 1212 1253 1247 1317 1312 1414 1601 1854 2441 7011 42497 17464 
1129 1109 1235 1192 1206 1187 1291 1237 1358 1427 1606 1801 2551 13227 80122 44238 
1102 1170 1137 1193 1245 1267 1212 1362 1384 1414 1553 1808 2229 5654 24033 15298 
1079 1123 1184 1150 1184 1189 1242 1226 1281 1314 1540 1686 1938 2421 2570 2491 
1129 1191 1116 1204 1224 1234 1251 1296 1292 1393 1403 1516 1681 1802 1802 1708 
1119 1178 1208 1232 1284 1231 1251 1209 1320 1381 1303 1469 1384 1529 1485 1339 
1101 1152 1218 1188 1232 1245 1262 1170 1296 1277 1263 1293 1298 1409 1384 1220 
1037 1132 1170 1145 1177 1238 1207 1258 1230 1356 1307 1227 1283 1281 1171 1203 
1080 1190 1152 1159 1204 1185 1287 1266 1232 1266 1214 1236 1175 1207 1189 1119 
1119 1104 1084 1152 1162 1204 1201 1222 1158 1208 1248 1272 1202 1208 1111 1083 
1062 1123 1165 1128 1140 1208 1076 1109 1165 1206 1175 1164 1153 1113 1062 1096 
1035 1007 974 1050 1076 1065 1098 1009 1091 1130 1111 1087 1131 1043 963 1034 
