1028 1014 1038 1106 1067 1143 1129 1109 1067 1125 1094 1113 1150 1094 1039 986 
1062 1152 1171 1123 1215 1139 1172 1104 1170 1169 1142 1104 1202 1200 1079 1036 
1140 1127 1174 1164 1128 1171 1208 1220 1198 1140 1149 1217 1221 1193 1157 1110 
1074 1094 1241 1126 1186 1257 1121 1260 1256 1247 1310 1238 1237 1165 1156 1099 
1143 1141 1168 1189 1170 1248 1225 1246 1287 1304 1255 1253 1222 1258 1224 1072 
1121 1103 1171 1220 1268 1266 1277 1219 1225 1198 1275 1231 1264 1306 1247 1128 
1105 1207 1159 1280 1296 1254 1206 1265 1236 1269 1260 1284 1292 1364 1286 1312 
1120 1161 1240 1271 1205 1206 1296 1265 1259 1290 1350 1416 1372 1484 1460 1347 
1077 1117 1212 1206 1297 1298 1321 1252 1238 1279 1394 1475 1550 1789 1726 1686 
1066 1162 1242 1180 1263 1193 1259 1254 1309 1297 1559 1616 1829 2190 2545 2331 
1081 1110 1232 1175 1189 1189 1309 1276 1281 1355 1464 1729 2332 5475 18355 12384 
1070 1138 1178 1143 1211 1263 1289 1315 1370 1447 1481 1770 2599 12511 73913 44721 
1065 1141 1249 1195 1198 1271 1271 1280 1226 1311 1553 1721 2330 6792 41586 18084 
1100 1053 1148 1131 1204 1184 1212 1181 1230 1323 1392 1613 2020 2447 3083 3135 
1087 1132 1149 1080 1126 1211 1144 1205 1225 1224 1301 1476 1642 1759 1904 1693 
991 1071 1081 1051 1024 1064 1083 1110 1138 1187 1151 1254 1246 1394 1416 1372 
