1022 1024 1050 1026 1040 1117 1125 1079 1045 1028 1075 1105 1021 1088 1033 960 
991 1064 1007 1098 1143 1130 1155 1152 1081 1072 1118 1075 1053 1097 1073 978 
1151 1125 1116 1104 1087 1162 1221 1199 1038 1066 1154 1143 1140 1128 1076 1002 
1000 1085 1125 1137 1224 1127 1205 1185 1207 1132 1165 1140 1155 1185 1091 996 
1030 1067 1142 1098 1117 1193 1139 1179 1188 1163 1172 1141 1156 1160 1101 992 
1031 1105 1166 1164 1103 1172 1141 1134 1198 1184 1163 1120 1145 1099 1102 1033 
1047 1114 1172 1118 1148 1157 1139 1216 1212 1228 1063 1238 1112 1100 1030 1023 
1064 1093 1103 1141 1063 1164 1187 1111 1121 1188 1218 1186 1181 1185 1088 1058 
1000 1054 1168 1074 1111 1186 1145 1176 1138 1152 1123 1169 1209 1150 1097 1032 
1072 1123 1114 1146 1150 1181 1171 1222 1244 1119 1188 1275 1158 1160 1134 992 
1015 1083 1107 1163 1187 1158 1172 1174 1164 1218 1259 1250 1161 1226 1114 1061 
1038 1113 1116 1146 1111 1128 1194 1221 1129 1204 1240 1228 1164 1257 1176 1112 
1001 1083 1123 1088 1156 1134 1176 1185 1157 1176 1184 1174 1241 1370 1403 1215 
998 1086 1068 1124 1084 1139 1143 1135 1181 1082 1185 1281 1464 1607 1771 1493 
998 1087 1079 1055 1174 1085 1052 1141 1173 1151 1144 1257 1619 3967 8710 4167 
882 926 1033 963 997 1007 1061 1078 1085 1054 1090 1161 1579 8773 37576 24031 
