917 964 945 1040 1019 1037 1082 1055 986 1139 1208 1386 1812 5550 30669 15870 
1040 1055 1064 1089 1083 1096 1173 1099 1128 1201 1304 1512 2135 10885 49210 30200 
1011 1062 1046 1185 1091 1190 1146 1198 1194 1257 1366 1651 1898 4630 10791 5522 
1030 1164 1155 1135 1191 1159 1107 1128 1118 1269 1320 1453 1590 1911 2204 1850 
1103 1058 1138 1130 1200 1182 1196 1176 1203 1219 1271 1364 1384 1427 1521 1484 
1079 1131 1206 1237 1190 1141 1171 1236 1161 1244 1259 1298 1363 1252 1308 1246 
997 1086 1117 1172 1143 1198 1177 1107 1226 1220 1233 1259 1256 1290 1279 1145 
1087 1136 1146 1198 1206 1151 1185 1157 1175 1240 1218 1176 1187 1255 1185 1070 
1143 1162 1181 1118 1198 1150 1171 1153 1167 1177 1245 1196 1182 1170 1224 1083 
1089 1218 1212 1110 1207 1236 1203 1155 1195 1182 1178 1204 1178 1082 1136 1008 
1104 1098 1137 1170 1088 1253 1198 1143 1188 1148 1142 1194 1129 1124 1061 1058 
1142 1116 1127 1185 1113 1091 1124 1215 1134 1115 1181 1154 1149 1161 1089 1015 
1050 1115 1066 1180 1175 1154 1181 1105 1174 1145 1138 1168 1174 1089 1088 1038 
1082 1091 1107 1100 1082 1151 1183 1056 1157 1113 1137 1133 1137 1110 1034 1049 
1034 1039 1115 1027 1114 1148 1082 1128 1148 1119 1080 1068 1127 1021 1048 1006 
992 1084 1050 1049 1052 1144 1081 1076 1029 1081 1087 1031 1052 1005 988 984 
