970 983 959 1031 1005 1020 1001 995 1072 1127 1124 1277 1573 8792 37613 24060 
962 1008 1101 1071 1111 1112 1118 1169 1140 1126 1209 1284 1562 4054 8645 4034 
1008 1018 1084 1094 1131 1173 1122 1184 1123 1144 1180 1242 1331 1639 1779 1486 
1002 1081 1009 1139 1076 1066 1171 1106 1071 1160 1173 1244 1231 1283 1284 1228 
1052 1130 1143 1082 1108 1105 1246 1228 1157 1159 1183 1194 1248 1212 1207 1071 
1072 1049 1130 1102 1169 1137 1177 1177 1193 1146 1168 1158 1214 1129 1191 1041 
1016 1105 1119 1131 1167 1144 1155 1135 1166 1261 1175 1102 1106 1171 1133 1059 
1065 1084 1092 1092 1116 1157 1146 1150 1164 1215 1117 1189 1162 1114 1096 920 
1018 1076 1129 1187 1175 1178 1182 1098 1142 1151 1147 1174 1168 1101 1168 998 
1056 1114 1109 1155 1184 1162 1127 1166 1182 1160 1158 1155 1094 1064 1042 1029 
1047 1111 1125 1119 1151 1100 1150 1203 1205 1200 1236 1166 1136 1140 1043 1012 
1047 1154 1053 1150 1128 1180 1175 1213 1127 1134 1148 1094 1146 1147 1071 1007 
1074 1133 1162 1127 1166 1117 1141 1211 1197 1193 1129 1145 1116 1094 1073 965 
1091 1079 1135 1072 1143 1076 1171 1124 1155 1087 1123 1067 1139 1030 1077 946 
1072 1070 1159 1104 1121 1110 1146 1123 1083 1142 1068 1115 1061 1052 1012 979 
1005 1070 1067 1045 1022 1115 1032 1047 1036 1108 1067 1095 1018 1070 980 978 
