175 187 152 149 158 142 123 158 143 169 129 143 164 136 144 163 
167 173 163 157 138 122 155 173 156 145 160 141 189 155 135 163 
172 179 128 144 159 158 152 143 144 156 151 157 139 160 173 174 
183 161 146 143 169 181 145 153 159 161 153 170 183 166 191 206 
164 155 186 156 147 135 154 190 160 167 157 171 167 658 6459 2352 
184 155 163 158 141 165 158 139 131 190 162 142 170 1570 12626 6678 
176 157 152 165 131 152 154 159 152 167 145 187 181 574 3384 2040 
171 178 141 156 161 149 132 155 133 170 169 155 177 148 149 132 
197 157 159 151 153 157 133 175 153 152 155 168 162 163 159 158 
170 167 170 164 162 147 152 174 138 157 168 162 159 156 161 153 
175 147 166 143 155 153 159 156 141 137 164 141 142 157 181 159 
173 155 163 153 168 148 137 167 140 173 168 154 162 142 140 174 
165 180 150 155 163 189 174 173 191 161 134 142 143 145 165 162 
185 167 173 171 162 159 176 165 166 141 156 176 138 145 137 166 
193 173 181 135 148 176 139 134 146 165 153 164 148 159 154 157 
191 172 160 171 166 177 147 159 174 158 167 138 174 144 164 175 
