977 1052 1051 1052 1053 1084 1156 1102 1074 1068 1096 1068 1099 1042 967 992 
1018 1041 1130 1118 1088 1060 1124 1157 1187 1131 1117 1118 1100 1097 1020 991 
1039 1129 1110 1129 1136 1140 1133 1194 1134 1156 1111 1204 1156 1084 1133 1009 
1075 1116 1132 1053 1167 1151 1187 1161 1165 1177 1141 1096 1152 1070 1087 1023 
1079 1113 1116 1043 1148 1161 1116 1178 1175 1194 1156 1195 1235 1147 1087 1020 
1098 1088 1170 1142 1153 1212 1193 1139 1159 1227 1235 1175 1135 1163 1132 1027 
1110 1078 1119 1174 1078 1211 1212 1189 1162 1219 1178 1163 1153 1153 1112 986 
1122 1117 1150 1116 1160 1228 1194 1177 1291 1214 1206 1159 1180 1208 1193 1050 
1033 1151 1149 1200 1205 1180 1240 1184 1195 1219 1206 1243 1221 1207 1153 1095 
1023 1092 1102 1131 1233 1203 1113 1161 1233 1219 1218 1223 1269 1289 1216 1177 
1031 1123 1173 1123 1217 1150 1140 1221 1241 1180 1300 1227 1345 1274 1379 1173 
1000 1117 1106 1154 1157 1202 1168 1191 1224 1247 1291 1375 1460 1431 1465 1397 
1070 1126 1129 1142 1161 1144 1178 1150 1175 1256 1242 1416 1540 1848 2123 1831 
1044 1100 1120 1137 1091 1154 1187 1113 1183 1292 1297 1530 1873 4599 10395 5408 
1041 1098 1034 1048 1095 1142 1116 1154 1173 1262 1325 1501 2000 10337 48282 30983 
917 1003 1020 1003 986 1013 1026 1075 1046 1104 1220 1483 1863 5514 31317 16618 
