153 158 144 157 130 162 146 139 162 152 151 151 166 135 150 154 
164 133 132 165 164 150 149 187 180 152 137 169 143 143 167 167 
183 169 168 146 159 142 168 126 155 149 126 154 149 175 218 234 
191 158 161 177 166 151 149 145 142 131 171 150 164 721 6132 2370 
140 181 179 145 161 173 178 128 158 142 160 182 188 1604 11543 6675 
155 152 153 124 142 150 140 138 158 163 139 153 189 582 2526 1580 
189 157 136 164 169 182 157 163 136 148 151 157 172 195 181 155 
204 165 132 156 161 150 164 151 132 136 156 164 160 163 161 147 
182 166 158 167 188 158 159 136 165 142 147 132 153 133 146 156 
183 168 163 144 150 146 171 162 131 144 140 163 138 160 159 154 
196 165 155 161 159 145 163 166 128 142 144 164 136 140 135 158 
183 169 177 156 139 157 169 168 159 158 124 171 155 169 146 176 
170 165 135 168 160 155 173 149 158 166 148 147 170 158 162 144 
170 167 165 142 182 170 162 151 168 176 183 160 149 139 160 147 
178 172 159 132 181 145 141 157 168 156 137 160 151 150 152 149 
182 163 172 163 153 160 174 173 172 147 161 155 147 158 148 145 
