175 157 147 154 157 140 163 157 158 146 154 134 171 162 161 137 
170 160 143 148 152 149 166 157 162 153 151 191 151 176 240 297 
171 143 136 148 147 154 157 138 141 139 148 154 151 677 5896 2387 
205 167 154 158 152 134 156 127 142 134 135 185 192 1551 10467 6330 
170 161 176 157 147 138 161 140 119 148 142 146 166 531 1971 1080 
193 171 171 171 169 163 139 133 151 139 150 165 148 171 162 165 
175 183 170 159 137 141 159 140 125 132 186 143 149 162 145 171 
171 140 182 136 142 136 167 136 148 145 154 154 142 144 180 151 
145 164 154 147 157 139 157 160 158 127 159 156 161 160 140 165 
146 178 152 168 164 125 143 137 150 135 155 146 147 158 157 140 
177 176 157 149 153 156 153 168 163 152 145 158 137 167 152 136 
202 173 147 158 144 138 133 160 168 153 134 171 173 142 123 190 
189 140 157 166 158 165 121 165 138 145 161 141 161 150 151 141 
174 144 154 184 150 151 176 192 152 138 148 141 153 173 150 143 
174 176 162 157 172 141 154 173 161 150 158 187 131 160 160 137 
197 161 192 167 158 171 174 173 172 167 156 170 163 161 170 162 
