1068 1055 1039 1072 1087 1135 1167 1106 1115 1115 1079 1103 1083 1043 1078 966 
1072 1126 1118 1140 1135 1200 1134 1183 1191 1167 1173 1178 1173 1090 1189 1008 
1093 1122 1121 1176 1158 1150 1181 1214 1202 1269 1226 1206 1236 1221 1112 1117 
1145 1185 1185 1151 1202 1206 1246 1321 1247 1267 1292 1313 1297 1327 1254 1196 
1096 1127 1095 1248 1189 1241 1301 1277 1312 1340 1382 1336 1346 1403 1352 1240 
1158 1190 1176 1243 1262 1265 1290 1257 1258 1312 1331 1404 1500 1567 1547 1426 
1075 1128 1185 1196 1229 1194 1284 1286 1330 1419 1447 1557 1707 1872 1927 1785 
1096 1222 1252 1267 1206 1241 1281 1351 1353 1397 1563 1624 2005 2500 2971 2587 
1109 1147 1168 1227 1213 1287 1265 1250 1377 1461 1598 1810 2463 6076 30453 16779 
1180 1112 1243 1168 1290 1288 1251 1268 1294 1449 1576 1884 2764 14011 84915 44413 
1060 1158 1217 1238 1192 1248 1299 1280 1329 1357 1491 1759 2486 6768 42503 17579 
1152 1137 1184 1191 1197 1211 1268 1227 1296 1318 1495 1742 2061 2477 3144 2878 
1073 1164 1167 1174 1156 1163 1211 1218 1357 1342 1430 1522 1692 1758 2064 1846 
1055 1069 1206 1261 1213 1185 1225 1198 1273 1368 1380 1498 1418 1585 1582 1444 
978 1152 1185 1124 1195 1180 1132 1235 1179 1259 1242 1369 1391 1382 1398 1199 
1025 1090 1042 1071 1124 1100 1075 1111 1112 1167 1210 1148 1176 1214 1125 1133 
