190 149 142 164 169 176 175 163 181 152 176 157 168 176 152 149 
170 179 168 175 155 159 141 168 158 155 135 164 174 177 169 136 
161 177 168 173 167 157 156 148 153 168 137 142 147 122 144 147 
184 158 167 145 136 141 149 160 169 160 146 139 158 169 153 159 
173 154 160 129 148 151 159 137 163 166 159 149 164 148 146 159 
176 170 165 148 183 155 174 153 180 177 148 139 156 140 168 135 
170 175 150 146 171 146 142 176 158 157 153 165 175 171 167 180 
186 147 152 145 170 155 146 157 172 164 155 143 173 563 5183 2411 
175 157 182 164 140 161 176 149 160 148 182 160 159 1750 13346 7015 
161 158 139 163 136 166 157 160 142 148 166 173 183 637 5995 2308 
170 167 156 144 133 167 153 135 124 164 132 163 165 150 179 185 
160 157 166 148 161 173 146 164 148 127 151 168 164 178 173 157 
176 170 157 149 147 154 130 135 138 162 157 151 139 132 163 165 
189 150 196 157 160 162 151 209 168 146 148 160 156 162 154 166 
177 198 183 169 161 157 182 155 157 165 142 153 162 171 142 165 
172 211 159 172 161 153 172 166 180 145 146 180 179 159 151 149 
