157 141 161 170 173 142 153 149 162 171 150 151 152 182 313 371 
189 169 124 158 161 165 156 174 125 153 137 152 146 625 5342 2277 
154 163 159 161 159 180 147 158 145 132 156 138 194 1491 9026 5691 
164 170 154 168 152 138 138 129 137 115 118 181 183 529 1582 752 
170 166 174 152 139 187 157 155 151 135 151 155 142 147 183 137 
168 139 176 141 155 139 140 129 149 145 132 149 155 177 143 165 
148 160 172 154 161 179 127 167 132 164 159 147 188 141 128 137 
156 151 155 138 133 160 145 137 152 146 149 161 152 138 177 130 
181 143 173 155 155 158 138 160 157 169 176 154 145 171 140 157 
178 170 168 160 150 149 163 122 154 162 137 142 155 146 168 140 
189 162 142 167 153 171 145 161 136 158 136 139 166 158 145 167 
176 166 140 166 156 172 143 147 161 140 125 147 172 152 127 147 
145 165 138 147 145 121 158 169 155 156 155 154 133 140 140 143 
174 172 142 155 144 169 161 144 143 145 167 146 154 157 140 172 
153 160 164 169 161 167 140 151 169 163 147 154 162 156 166 153 
212 208 182 182 182 188 169 181 168 186 194 162 170 167 185 166 
