161 137 161 136 144 154 146 147 143 141 149 150 144 178 1080 4948 
160 153 128 138 113 128 145 133 143 150 141 141 150 170 458 1124 
172 142 135 137 132 124 138 120 166 150 149 142 129 141 176 184 
146 167 144 147 155 128 144 143 139 138 158 151 158 164 142 148 
154 149 162 172 147 148 147 144 146 130 144 132 138 160 141 169 
157 149 155 169 152 137 133 129 167 157 145 146 134 149 130 125 
163 134 158 151 155 131 144 149 135 133 143 111 145 144 129 137 
153 151 146 147 161 116 132 124 144 129 138 140 149 133 139 131 
194 186 163 165 167 159 142 143 153 148 142 134 152 130 150 147 
188 155 150 151 163 176 144 151 145 136 141 138 127 142 117 126 
160 144 158 148 151 161 151 129 150 140 132 150 157 135 138 153 
171 158 151 145 169 150 148 137 144 136 152 150 144 153 142 146 
196 154 163 172 161 144 158 152 145 144 141 146 140 151 151 149 
175 164 172 164 140 164 176 168 152 142 154 144 132 130 131 129 
193 150 153 165 138 130 153 163 141 181 145 155 147 159 149 164 
158 174 174 141 167 163 183 158 163 158 170 162 146 162 188 145 
