181 156 149 166 180 161 164 154 146 166 169 179 162 173 180 180 
189 181 175 153 134 165 170 165 167 144 149 172 152 152 158 144 
182 159 138 150 195 156 138 142 162 166 150 163 144 153 141 130 
182 140 157 153 137 153 170 133 161 136 156 156 156 164 133 154 
190 148 143 151 170 164 132 150 153 139 125 140 155 134 150 153 
194 155 154 139 163 134 143 161 157 147 164 126 135 137 133 141 
189 167 136 168 148 153 165 146 167 119 153 130 129 149 140 123 
166 169 151 142 139 139 138 148 141 163 129 152 143 162 167 150 
161 153 149 152 140 154 144 166 131 125 142 166 131 156 140 153 
176 162 144 146 164 154 140 137 131 140 140 170 126 148 152 147 
144 138 130 152 149 135 143 142 144 145 139 123 133 147 143 138 
174 173 147 149 136 149 157 167 161 145 145 131 162 134 148 173 
212 160 170 134 150 168 165 134 165 139 144 140 161 179 524 1512 
175 151 154 160 126 145 150 160 148 143 163 151 142 187 1241 7219 
182 150 131 154 158 154 136 147 122 135 140 174 148 142 548 4192 
174 156 158 150 165 155 136 150 141 125 117 163 150 164 168 218 
