1002 999 972 989 999 991 1022 973 1068 1094 1052 1157 1191 1476 4144 23900 
1043 1038 1121 1054 1083 1110 1105 1193 1093 1113 1186 1228 1317 1799 9030 38387 
1038 1096 1066 1127 1069 1049 1091 1082 1123 1173 1200 1249 1316 1624 4159 9242 
1042 1059 1074 1191 1144 1096 1125 1128 1164 1154 1173 1240 1322 1365 1610 1648 
1063 1074 1126 1138 1143 1156 1127 1158 1151 1174 1163 1192 1213 1256 1295 1225 
1021 1089 1134 1067 1134 1147 1158 1171 1155 1144 1234 1197 1215 1202 1259 1090 
1004 1133 1085 1146 1168 1119 1175 1198 1077 1153 1087 1138 1165 1148 1126 1121 
1047 1047 1110 1107 1119 1167 1119 1192 1171 1201 1195 1152 1153 1074 1058 1092 
1066 1076 1157 1092 1134 1208 1216 1126 1170 1174 1197 1153 1130 1211 1073 1008 
1095 1133 1083 1143 1165 1139 1140 1171 1171 1181 1184 1155 1140 1142 1074 988 
1070 1090 1125 1152 1215 1179 1217 1143 1141 1190 1210 1160 1144 1136 1121 1025 
1045 1057 1135 1174 1165 1154 1161 1146 1126 1175 1137 1155 1109 1069 1089 1007 
1115 1106 1125 1135 1142 1114 1130 1127 1147 1159 1093 1120 1146 1059 1088 990 
971 1139 1107 1162 1134 1123 1048 1095 1135 1101 1111 1109 1120 1087 1021 1028 
1057 1032 1082 1102 1098 1116 1084 1138 1158 1108 1047 1062 1019 1083 1013 957 
1025 976 1076 1015 1057 1080 1054 1076 1080 1042 989 1012 1001 1076 1020 1003 
