162 155 161 191 174 154 141 175 153 171 155 141 175 155 167 140 
177 156 156 154 156 195 155 134 162 150 161 187 165 140 158 163 
144 173 176 152 158 159 154 148 147 149 137 141 129 167 146 150 
164 158 161 155 146 144 147 162 139 120 146 126 141 160 153 144 
171 163 158 155 150 151 145 160 147 150 153 178 168 171 139 158 
164 146 172 178 145 140 166 138 151 152 165 167 164 175 174 144 
184 176 146 151 174 152 155 151 163 153 148 155 172 164 169 180 
169 175 150 131 170 171 163 153 154 126 142 134 160 174 523 3771 
184 189 185 166 148 163 147 145 151 162 175 168 155 190 1432 11306 
185 163 154 200 165 137 147 157 146 164 140 165 163 185 553 4372 
191 178 140 157 131 133 124 160 140 146 164 149 157 168 150 166 
176 138 163 189 146 163 168 150 141 155 176 162 142 159 188 158 
165 150 159 149 154 148 185 158 141 152 174 138 162 141 159 154 
148 201 144 144 161 166 146 157 173 152 154 145 169 161 155 136 
199 162 185 164 149 154 156 143 124 164 155 152 153 154 161 153 
175 148 172 145 161 165 158 180 163 151 156 162 174 154 193 150 
