995 1039 1076 1068 1082 1095 1095 1035 1139 1026 1138 1057 1096 1207 1128 1030 
1079 1069 1078 1113 1116 1143 1149 1234 1136 1107 1129 1233 1240 1291 1338 1206 
1047 1136 1168 1155 1154 1206 1232 1205 1163 1165 1217 1280 1299 1416 1542 1525 
1085 1087 1202 1229 1235 1176 1227 1202 1159 1251 1281 1386 1470 1685 1904 2129 
1133 1131 1186 1207 1239 1201 1244 1230 1268 1223 1303 1312 1533 1953 5231 31681 
1118 1087 1149 1177 1232 1210 1232 1335 1234 1285 1253 1388 1556 2117 10405 65449 
1091 1144 1101 1287 1238 1313 1222 1249 1229 1223 1285 1352 1640 1832 4772 17741 
1086 1130 1227 1234 1266 1138 1290 1171 1223 1251 1261 1314 1431 1640 1730 1961 
1126 1211 1232 1216 1260 1174 1232 1245 1327 1199 1292 1323 1315 1379 1565 1510 
1043 1151 1193 1159 1190 1227 1236 1266 1258 1274 1294 1299 1278 1306 1274 1281 
1133 1170 1204 1189 1149 1257 1182 1199 1239 1264 1207 1218 1269 1232 1261 1177 
1114 1132 1244 1113 1133 1198 1179 1252 1292 1190 1242 1238 1248 1181 1149 1131 
1126 1122 1207 1212 1199 1174 1184 1173 1196 1157 1209 1139 1179 1104 1194 1010 
1092 1061 1222 1164 1127 1126 1227 1108 1182 1158 1117 1141 1176 1101 1043 1029 
1050 1105 1109 1110 1135 1170 1145 1126 1102 1155 1189 1153 1086 1030 1031 1056 
1041 1103 1100 1025 1096 1090 1064 1068 1094 984 1051 1128 998 1038 1018 951 
