189 178 190 173 152 162 177 154 182 150 167 170 148 141 172 154 
169 164 167 179 167 162 151 147 164 132 154 153 167 168 133 139 
186 144 137 159 138 145 172 168 151 150 145 165 144 129 123 138 
175 121 169 135 165 149 163 141 151 138 120 148 154 118 133 160 
171 154 161 145 146 143 131 150 147 147 148 147 126 138 129 123 
191 160 154 159 156 145 164 136 126 117 154 120 115 146 144 165 
164 140 130 154 170 146 137 133 152 149 116 125 118 154 143 125 
163 145 133 125 143 136 167 136 133 136 119 135 123 146 130 138 
162 161 152 170 151 134 140 143 144 128 145 133 158 143 135 127 
158 179 174 139 161 139 152 148 144 156 152 145 149 144 132 146 
189 153 122 129 143 131 132 129 156 128 138 161 138 156 127 163 
187 156 162 149 142 129 152 153 139 148 161 134 158 136 157 137 
188 145 139 147 166 137 151 153 133 122 145 147 150 160 133 131 
163 151 140 137 148 151 136 164 135 161 161 161 143 174 188 168 
170 155 147 164 127 143 127 143 142 143 159 144 159 149 495 1170 
173 162 142 136 139 161 133 144 149 137 134 132 145 168 1096 4902 
