185 185 162 158 143 139 146 169 153 179 130 142 142 155 174 149 
155 183 162 158 169 143 154 152 157 147 138 152 143 142 131 141 
149 180 131 155 164 160 156 167 160 144 138 150 155 144 142 166 
184 158 167 153 157 175 163 175 154 134 165 136 147 139 156 170 
177 199 164 171 131 173 171 179 148 159 162 147 162 162 167 175 
179 178 144 178 147 146 173 154 152 148 164 175 147 143 562 4760 
185 162 166 157 158 156 143 151 150 168 139 142 141 194 1461 10976 
180 150 173 162 159 189 143 161 182 121 152 143 169 186 530 3168 
159 151 153 164 156 155 148 160 166 165 163 149 163 145 162 146 
143 160 154 131 146 163 156 168 174 138 154 161 155 151 163 172 
160 176 175 140 157 163 150 141 138 161 157 126 143 152 158 173 
142 181 158 170 150 166 163 151 147 148 153 143 160 135 159 147 
200 174 152 134 153 156 138 143 160 147 166 134 142 133 143 152 
190 150 156 145 180 166 146 151 174 139 156 150 168 151 158 128 
171 168 159 142 161 163 155 166 131 147 142 132 158 141 148 142 
196 214 152 177 170 160 136 139 156 157 177 167 187 181 158 135 
