1003 1030 1087 1109 1094 1018 1020 1139 1061 1031 1104 1045 1096 1060 1112 971 
1088 1101 1138 1123 1090 1224 1129 1086 1115 1183 1112 1103 1147 1165 1144 1039 
1046 1181 1191 1094 1135 1185 1170 1198 1206 1177 1184 1165 1137 1192 1127 1150 
1057 1130 1102 1188 1167 1162 1112 1172 1212 1172 1212 1223 1232 1255 1199 1230 
1103 1225 1203 1222 1193 1135 1122 1166 1268 1271 1276 1374 1328 1367 1288 1239 
1053 1131 1146 1237 1181 1193 1180 1234 1184 1252 1327 1328 1382 1510 1535 1561 
1095 1142 1207 1220 1281 1183 1290 1226 1317 1291 1335 1392 1535 1738 2017 2135 
1164 1201 1239 1184 1231 1228 1298 1260 1280 1264 1303 1380 1702 1938 4888 25487 
1061 1187 1208 1194 1267 1253 1221 1301 1283 1301 1375 1486 1591 2257 10736 69582 
1112 1129 1239 1294 1168 1183 1142 1247 1250 1313 1370 1498 1580 1924 5104 28911 
1076 1195 1132 1244 1261 1215 1233 1208 1164 1246 1302 1368 1596 1704 1925 2105 
1121 1135 1165 1303 1214 1232 1214 1205 1170 1262 1277 1354 1297 1458 1620 1584 
1141 1144 1150 1180 1190 1175 1281 1251 1177 1326 1300 1248 1323 1355 1332 1315 
1086 1178 1084 1182 1194 1158 1202 1204 1200 1204 1240 1213 1265 1229 1198 1147 
1045 1110 1128 1182 1087 1155 1112 1166 1095 1158 1109 1126 1170 1215 1183 1059 
1013 1044 1067 1027 1021 1050 1122 1105 1078 1138 1098 1059 1128 1063 1118 1009 
