168 199 171 194 166 153 148 174 157 173 167 176 155 162 171 175 
151 163 163 155 161 139 161 150 149 167 152 182 153 165 184 129 
180 140 144 183 143 165 161 141 145 139 161 151 132 151 146 150 
170 168 151 164 173 136 153 131 161 148 135 137 152 168 146 154 
173 159 154 154 146 139 143 147 146 144 149 176 168 147 144 125 
184 168 183 150 161 125 152 147 138 124 142 151 172 164 154 148 
203 180 144 163 167 173 168 134 124 125 151 171 136 158 141 125 
161 147 176 160 144 145 155 147 154 128 150 161 150 172 160 161 
178 167 146 157 164 163 162 142 180 131 180 159 170 170 158 135 
165 166 174 169 169 147 135 150 138 145 146 148 168 160 166 171 
163 178 161 165 161 140 132 148 153 151 172 141 148 194 527 2035 
200 157 139 156 134 145 151 169 138 157 158 152 151 203 1354 9345 
167 158 145 162 169 158 157 145 144 140 165 175 159 164 555 4791 
171 162 152 156 160 172 130 165 150 153 157 165 135 134 164 182 
171 162 166 166 157 137 163 146 173 167 141 128 164 160 155 154 
176 182 158 156 163 148 149 158 157 153 154 157 161 149 169 141 
