168 153 151 165 152 163 164 164 162 141 152 151 142 121 169 156 
141 149 158 144 151 139 149 144 138 144 153 159 147 152 165 198 
163 162 172 163 157 161 141 171 168 132 157 173 132 189 550 4543 
194 169 176 155 159 166 157 153 161 144 148 156 161 182 1307 8271 
184 159 149 145 125 148 146 166 162 149 135 157 171 177 507 1680 
169 133 157 160 150 153 161 134 157 149 147 137 131 173 165 174 
173 164 174 164 153 165 156 145 152 144 133 162 149 127 142 166 
176 165 165 167 142 149 166 172 166 148 171 157 141 139 156 153 
163 187 128 151 182 171 166 159 144 154 157 125 117 146 122 159 
182 168 167 151 156 171 151 156 139 164 169 137 150 173 158 145 
184 169 175 149 137 158 156 151 141 158 170 130 153 140 148 135 
184 186 172 143 156 155 169 160 151 146 137 150 149 143 159 161 
176 168 179 154 148 153 131 143 148 148 159 171 160 144 161 138 
162 192 183 178 159 173 144 147 149 133 169 146 144 146 141 139 
174 156 174 147 171 165 164 164 168 138 156 125 148 145 153 142 
182 197 159 156 172 172 152 188 128 159 147 183 149 150 164 136 
