188 179 201 152 191 168 163 150 173 142 184 160 151 166 152 162 
183 164 152 152 163 143 146 149 173 179 153 146 171 166 161 160 
180 172 170 161 151 161 170 167 160 154 143 153 172 167 145 148 
171 154 154 157 149 141 153 165 159 160 159 169 142 158 143 155 
189 167 176 145 170 146 147 163 156 141 158 143 131 167 161 157 
157 159 158 144 135 133 182 159 151 154 156 169 165 155 146 144 
189 181 162 183 151 158 149 147 140 149 154 158 160 143 153 175 
190 160 161 166 154 170 138 150 134 166 158 153 150 171 159 147 
175 149 165 167 150 158 180 139 178 139 136 166 180 183 541 3088 
171 161 173 138 162 188 172 157 164 151 145 163 154 179 1359 10909 
150 164 182 143 163 148 138 133 155 137 125 163 131 153 552 4857 
167 159 146 164 151 135 153 164 160 151 167 145 140 153 158 147 
183 154 143 156 149 146 141 137 155 140 169 138 157 136 143 137 
171 165 151 154 143 167 151 161 160 152 158 158 161 151 150 147 
169 165 187 153 148 150 151 148 141 154 154 149 157 145 125 164 
187 161 192 152 160 168 160 149 165 152 144 172 163 165 172 147 
