1012 1054 1093 997 1049 1033 1109 1108 1002 1117 1189 1101 1032 1104 1205 1071 
1029 1109 1098 1137 1084 1114 1147 1172 1223 1119 1163 1250 1190 1210 1171 1074 
1077 1085 1123 1149 1195 1165 1137 1182 1135 1179 1177 1247 1300 1303 1285 1337 
1082 1121 1170 1175 1186 1222 1207 1191 1221 1263 1317 1291 1357 1463 1592 1545 
1134 1179 1192 1182 1182 1266 1234 1198 1241 1276 1273 1306 1524 1652 2004 2133 
1133 1136 1165 1245 1206 1236 1230 1224 1367 1286 1317 1433 1597 1963 5259 31275 
1142 1134 1252 1176 1200 1238 1200 1304 1206 1279 1388 1482 1563 2170 10854 68584 
1163 1122 1174 1241 1305 1214 1226 1275 1247 1309 1392 1440 1595 2049 4757 21808 
1160 1209 1189 1190 1203 1179 1177 1229 1343 1330 1391 1489 1488 1724 1961 2042 
1099 1164 1147 1164 1203 1256 1227 1286 1265 1281 1238 1271 1399 1483 1562 1539 
1031 1172 1182 1185 1244 1201 1201 1237 1249 1213 1307 1248 1275 1300 1349 1256 
1047 1198 1132 1262 1166 1253 1256 1181 1152 1218 1278 1270 1277 1241 1266 1178 
1076 1133 1105 1136 1187 1201 1138 1188 1159 1168 1143 1214 1246 1177 1174 1087 
1137 1137 1124 1124 1222 1178 1182 1142 1213 1104 1136 1163 1244 1200 1105 1073 
1079 1075 1122 1104 1200 1099 1121 1125 1118 1151 1184 1121 1178 1080 1044 989 
1070 1057 1060 1094 1084 1013 1048 1005 1011 1051 1122 1124 1114 1065 1023 1000 
