181 140 155 180 144 153 155 145 151 149 163 125 154 125 150 149 
176 162 145 155 143 157 176 155 139 143 168 177 131 162 187 129 
180 138 158 177 146 134 150 137 145 155 155 158 143 156 158 180 
188 143 156 134 158 158 154 166 126 118 141 166 167 153 585 4872 
177 185 172 160 147 170 149 164 179 158 137 159 164 197 1354 9823 
169 165 172 152 150 153 129 179 159 159 146 145 168 177 524 2213 
150 179 164 167 175 140 147 148 155 156 168 157 119 154 155 177 
167 147 150 162 155 118 137 157 137 161 139 161 147 141 156 143 
184 192 179 144 154 157 157 139 154 176 150 151 154 157 174 168 
171 158 166 161 186 150 165 133 152 145 144 173 162 142 163 147 
200 187 173 145 180 144 148 142 136 150 178 115 164 166 148 160 
133 147 143 148 144 152 148 148 164 151 170 157 153 164 154 128 
156 147 161 156 160 139 163 138 146 161 145 162 140 145 146 146 
167 166 166 133 147 194 145 149 167 157 160 151 168 153 160 159 
161 159 182 154 130 154 143 154 145 153 170 155 163 141 164 147 
180 203 148 145 178 162 170 187 167 165 168 185 162 140 167 154 
