173 165 188 170 162 189 168 175 147 182 183 164 154 155 174 152 
167 149 145 152 150 153 170 155 162 171 170 148 132 150 147 148 
171 155 163 181 175 155 168 157 145 167 132 167 154 149 137 131 
159 156 180 140 163 154 152 158 162 165 138 160 141 132 144 146 
169 176 161 166 144 156 149 155 152 124 148 141 143 136 145 162 
180 135 159 135 147 147 126 164 143 158 133 136 172 120 143 139 
154 147 175 157 134 168 163 150 140 144 147 160 145 154 145 143 
172 130 142 143 140 164 144 156 169 145 131 139 166 142 136 155 
151 152 149 145 134 130 159 142 143 135 144 141 162 136 152 122 
167 158 157 145 164 140 134 128 149 149 161 157 146 153 151 150 
170 133 132 151 144 150 157 141 151 133 142 145 130 140 154 162 
170 168 145 154 154 168 131 136 149 176 155 149 137 155 188 132 
169 158 139 131 138 170 169 146 118 137 126 145 161 122 126 175 
140 169 145 145 149 141 149 149 155 143 151 144 156 181 503 1337 
147 177 138 149 126 138 154 179 141 131 143 170 141 189 1263 6242 
171 150 167 127 148 157 135 142 146 149 178 124 131 169 481 3609 
