1012 1026 1021 1055 1109 1092 1125 1049 1083 1044 1052 1060 1050 971 1025 912 
1039 1021 1091 1121 1057 1068 1083 1127 1142 1071 1063 1063 1122 1086 921 942 
1043 1031 1095 1115 1101 1115 1123 1130 1059 1142 1137 1148 1069 1018 1040 918 
1022 962 1073 1134 1113 1163 1082 1110 1079 1115 1096 1124 1106 991 1019 982 
1024 1140 1173 1106 1184 1085 1173 1064 1136 1132 1055 1128 1164 1066 1038 998 
1111 1078 1129 1173 1099 1105 1173 1142 1124 1122 1128 1142 1073 1064 1126 964 
1064 1108 1082 1101 1179 1163 1151 1178 1189 1212 1101 1161 1046 1071 1073 925 
1021 1060 1010 1080 1096 1146 1159 1116 1102 1160 1107 1161 1128 1187 1052 984 
1011 1050 1154 1113 1066 1112 1159 1123 1149 1126 1149 1153 1188 1071 1061 964 
1014 1047 1101 1147 1201 1104 1114 1080 1135 1106 1139 1067 1148 1093 1092 1005 
1068 1070 1076 1049 1107 1091 1102 1127 1189 1147 1170 1135 1154 1136 1100 1119 
1094 1054 1053 1021 1163 1109 1104 1237 1135 1106 1134 1110 1148 1146 1154 983 
1072 1081 1045 1077 1125 1153 1131 1128 1126 1045 1122 1104 1133 1224 1227 1174 
972 1034 1096 1055 1032 1117 1149 1114 1157 1165 1209 1136 1181 1252 1489 1476 
1071 997 1078 1068 1042 1091 1005 1066 1084 1050 1080 1163 1253 1466 3671 7709 
954 967 962 930 1027 1038 995 984 1012 948 1028 1016 1063 1478 7767 30291 
