1027 1082 1008 1093 1097 1080 1061 1058 1100 1121 1087 1065 1048 1041 1098 994 
1037 1157 1128 1193 1157 1122 1174 1169 1141 1165 1138 1123 1166 1137 1133 967 
1117 1120 1115 1116 1201 1158 1185 1120 1179 1181 1162 1144 1139 1119 1149 1053 
1042 1113 1084 1209 1163 1160 1188 1137 1222 1171 1154 1129 1206 1214 1172 1011 
1112 1130 1157 1155 1195 1121 1159 1119 1168 1180 1248 1202 1205 1124 1161 1056 
1092 1161 1177 1127 1169 1193 1180 1136 1180 1144 1179 1197 1238 1187 1140 1095 
1143 1177 1081 1214 1224 1196 1190 1165 1155 1203 1205 1204 1289 1246 1255 1060 
1099 1096 1179 1168 1187 1180 1180 1193 1261 1226 1314 1347 1269 1310 1280 1160 
1090 1129 1154 1199 1268 1190 1249 1179 1230 1186 1250 1303 1373 1351 1400 1413 
1042 1136 1141 1168 1236 1179 1172 1234 1215 1246 1350 1309 1427 1481 1746 1855 
1059 1169 1239 1164 1214 1286 1215 1180 1255 1257 1317 1421 1563 1855 4581 14166 
1148 1147 1128 1224 1125 1198 1219 1232 1176 1258 1332 1402 1563 2082 10015 58773 
1058 1129 1107 1141 1157 1179 1259 1193 1212 1176 1372 1403 1454 1937 5006 31150 
1114 1118 1155 1179 1176 1238 1190 1169 1226 1183 1306 1351 1388 1534 1967 2206 
1043 1049 1139 1066 1154 1098 1088 1164 1175 1146 1245 1239 1226 1369 1466 1472 
969 1108 1073 1027 1064 1032 1027 1070 1099 1141 1091 1108 1133 1228 1191 1073 
