180 166 177 172 173 181 134 155 156 149 142 156 145 164 161 149 
163 161 177 158 152 153 158 143 154 168 156 150 155 153 172 146 
161 147 151 165 160 173 161 119 160 136 164 138 157 150 156 143 
183 182 168 159 141 145 157 151 160 151 135 159 139 138 131 125 
176 169 161 149 151 166 156 150 162 154 157 141 172 156 150 140 
179 157 141 126 130 164 168 137 156 152 156 148 159 148 165 155 
187 149 171 159 167 161 148 136 141 146 148 160 137 198 542 4550 
165 137 143 179 149 150 161 151 141 138 159 151 160 206 1395 11432 
171 171 164 145 148 158 157 150 157 132 165 154 160 143 551 3941 
165 153 158 161 123 158 134 143 117 172 134 150 153 135 150 197 
141 166 163 172 171 155 164 153 145 163 163 152 143 162 172 149 
207 155 149 165 134 159 169 150 143 140 162 163 123 143 154 154 
173 191 130 145 161 138 155 157 126 153 158 161 158 153 150 144 
173 147 156 152 155 155 169 143 151 161 161 155 143 148 151 151 
146 145 156 166 154 160 159 157 162 154 157 130 142 131 171 149 
175 149 184 168 161 154 166 170 152 168 166 143 156 176 165 153 
