1053 1053 993 1041 1110 1034 1003 1059 1074 995 1100 1079 1086 1058 1047 989 
1090 1094 1121 1103 1151 1146 1113 1136 1147 1115 1055 1090 1161 1074 1066 973 
1083 1155 1106 1218 1205 1165 1137 1158 1142 1217 1121 1118 1067 1154 1016 1031 
1033 1158 1192 1134 1129 1155 1120 1076 1204 1182 1153 1112 1129 1203 1081 1054 
1113 1156 1110 1142 1191 1172 1163 1171 1174 1124 1125 1113 1121 1130 1120 1063 
1136 1148 1149 1231 1204 1168 1176 1230 1237 1143 1133 1137 1065 1070 1139 1011 
1098 1134 1131 1165 1172 1119 1192 1184 1140 1144 1164 1141 1177 1219 1094 1005 
1112 1080 1140 1219 1188 1133 1170 1192 1160 1162 1139 1229 1171 1209 1199 1059 
1084 1117 1150 1167 1199 1220 1231 1147 1211 1170 1190 1212 1200 1200 1115 1105 
1108 1113 1100 1145 1210 1203 1259 1167 1170 1091 1200 1254 1234 1262 1280 1184 
1083 1089 1032 1135 1198 1201 1160 1145 1226 1255 1170 1204 1176 1288 1373 1219 
1063 1101 1115 1165 1175 1186 1190 1217 1174 1227 1260 1232 1361 1430 1683 1622 
1108 1075 1123 1008 1107 1244 1235 1167 1254 1173 1201 1303 1483 1812 4344 10447 
1043 1069 1112 1126 1082 1131 1151 1086 1164 1165 1235 1236 1416 1958 9359 46316 
1063 1023 1044 1095 1157 1093 1068 1100 1100 1168 1125 1246 1410 1664 4776 26930 
929 1010 1033 1001 1071 1080 1007 1055 1028 1028 1096 1187 1278 1374 1628 2293 
