150 166 171 157 156 161 144 163 177 152 164 135 166 142 140 142 
179 169 160 126 155 148 176 158 153 141 143 174 143 133 161 131 
191 167 154 149 162 161 177 161 138 141 153 143 145 171 181 155 
168 178 154 145 165 150 167 155 140 145 149 160 149 132 156 173 
176 159 134 173 152 155 167 171 168 154 137 152 164 168 569 5004 
173 153 144 143 160 161 155 172 155 155 141 161 161 180 1306 10425 
190 149 138 158 154 175 160 161 143 149 153 146 167 149 514 2619 
164 161 164 157 160 137 150 155 150 167 136 134 157 170 140 167 
175 175 179 169 141 173 155 144 152 144 153 135 132 149 173 195 
164 130 149 147 158 170 154 140 143 171 168 166 157 154 134 163 
185 165 170 141 159 154 159 148 146 159 132 151 155 167 159 150 
164 159 183 156 151 139 151 156 173 107 163 151 163 142 162 135 
177 155 152 161 141 157 173 170 149 139 157 144 139 145 157 146 
168 143 165 166 140 184 157 133 176 150 162 156 172 158 141 133 
178 183 154 174 147 147 173 145 151 160 148 144 133 135 127 168 
178 182 186 165 170 161 160 151 175 141 153 172 150 167 169 154 
