1043 1027 1052 1043 1039 1043 995 1071 1028 1059 992 1096 1027 989 1031 981 
1063 1053 1058 1121 1106 1077 1032 1068 1125 1160 1093 1058 1078 1026 1045 1006 
1035 1067 1166 1081 1203 1145 1173 1143 1137 1124 1150 1134 1126 1129 975 979 
1058 1122 1177 1154 1151 1163 1146 1132 1167 1156 1131 1160 1180 1015 1103 1013 
1118 1083 1135 1137 1091 1134 1154 1172 1124 1127 1230 1155 1121 1104 1088 987 
1091 1073 1151 1104 1128 1119 1122 1219 1211 1189 1121 1116 1200 1145 1062 960 
1011 1062 1136 1074 1166 1238 1145 1148 1128 1223 1170 1126 1178 1136 1080 1022 
1006 1020 1159 1085 1205 1211 1177 1151 1252 1171 1179 1160 1143 1135 1088 1057 
1071 1108 1034 1162 1130 1233 1163 1183 1197 1165 1175 1235 1132 1180 1155 983 
1066 1133 1159 1153 1112 1123 1208 1140 1147 1211 1219 1203 1156 1150 1072 1143 
1081 1110 1166 1172 1127 1122 1094 1142 1223 1173 1228 1199 1231 1238 1294 1213 
1074 1072 1192 1124 1109 1171 1121 1110 1132 1231 1208 1230 1250 1264 1339 1197 
980 1086 1124 1117 1167 1140 1177 1174 1103 1164 1134 1285 1393 1390 1604 1633 
1002 1098 1093 1154 1080 1195 1145 1157 1170 1186 1159 1244 1364 1728 4228 9355 
995 1127 1067 1096 1130 1084 1079 1084 1083 1157 1186 1263 1362 1819 9152 39118 
920 982 966 1014 980 1023 1007 1028 1025 1032 1099 1117 1207 1554 4127 23467 
