155 150 147 153 150 140 148 146 166 159 118 149 129 161 481 3818 
166 150 150 153 163 149 155 157 146 143 159 123 151 182 1249 6082 
173 143 125 177 163 138 144 130 147 148 137 159 159 160 562 1270 
178 166 157 175 161 139 147 144 127 161 149 160 166 139 180 153 
178 142 167 156 139 140 143 134 144 150 155 146 159 144 146 138 
168 174 170 152 159 153 151 143 146 138 150 149 164 143 156 154 
136 152 133 143 163 130 166 158 127 143 114 135 141 144 135 182 
158 154 136 134 149 150 130 147 154 151 153 126 125 153 128 162 
178 152 147 132 133 140 183 139 154 149 154 146 135 133 136 142 
200 155 124 122 164 136 154 146 170 132 138 129 157 150 140 144 
170 149 136 144 163 148 144 141 149 151 156 148 143 159 157 134 
182 126 160 165 179 150 130 171 148 143 123 137 157 129 135 150 
160 151 168 147 135 177 129 151 192 154 120 169 166 141 163 152 
179 163 141 154 155 162 167 146 135 157 164 141 144 168 154 138 
189 177 174 155 182 150 125 162 158 180 155 163 127 152 145 141 
189 190 199 187 153 180 152 160 197 183 150 136 176 193 187 174 
