1022 1070 1096 1091 1125 1073 1091 1069 1072 1067 1084 1075 1065 999 1003 964 
1020 1115 1121 1167 1138 1195 1185 1206 1194 1144 1135 1132 1064 1051 1058 958 
1067 1163 1133 1166 1221 1170 1200 1234 1128 1185 1241 1163 1154 1163 1085 1052 
1111 1145 1159 1189 1199 1236 1228 1173 1206 1194 1230 1164 1158 1161 1111 1056 
1105 1093 1140 1210 1208 1203 1190 1260 1232 1118 1244 1215 1254 1200 1184 1134 
1175 1137 1166 1109 1190 1243 1225 1176 1316 1254 1249 1229 1315 1304 1258 1174 
1127 1122 1183 1168 1197 1251 1210 1206 1184 1236 1349 1284 1262 1438 1375 1266 
1025 1172 1224 1226 1206 1279 1220 1215 1249 1283 1291 1388 1336 1417 1469 1437 
1093 1181 1189 1189 1179 1178 1216 1282 1281 1270 1321 1388 1493 1642 1902 1981 
1097 1139 1212 1113 1198 1186 1259 1219 1263 1251 1274 1410 1534 1868 4743 17569 
1145 1129 1157 1140 1219 1175 1241 1244 1249 1286 1300 1440 1523 2280 10326 64392 
1092 1184 1191 1261 1208 1226 1182 1259 1216 1255 1248 1437 1549 1912 5238 32224 
1048 1170 1113 1169 1196 1135 1196 1261 1262 1284 1255 1374 1439 1618 1955 2223 
1080 1092 1115 1224 1225 1156 1225 1198 1159 1267 1284 1281 1280 1404 1531 1475 
1047 1133 1140 1099 1136 1160 1115 1128 1129 1173 1265 1205 1235 1252 1300 1266 
1027 1043 1057 1080 1165 1074 1043 1083 1051 1033 1122 1116 1077 1151 1138 1088 
