158 184 185 137 142 167 157 176 170 155 169 162 177 184 171 167 
167 153 147 175 175 166 160 150 148 155 137 143 151 143 150 137 
172 148 144 168 186 145 134 149 147 129 169 142 139 134 150 157 
184 153 173 167 151 152 147 127 140 160 145 158 151 142 170 149 
170 179 159 150 154 163 141 174 143 161 115 144 143 159 144 160 
170 158 137 158 146 174 153 163 143 128 138 149 125 134 147 147 
181 161 153 164 121 148 139 146 147 144 152 160 148 133 161 153 
185 160 157 136 140 142 153 142 150 122 146 166 152 162 146 155 
167 172 165 163 158 143 160 152 148 150 138 135 123 152 137 131 
177 172 154 154 151 125 165 127 138 148 150 169 133 136 181 142 
174 150 151 155 146 138 114 131 153 147 150 164 153 160 171 152 
169 138 169 134 141 142 137 137 158 170 154 137 170 184 533 1791 
187 151 156 169 137 151 159 162 137 151 147 162 163 192 1420 8590 
177 160 142 145 141 153 172 159 116 128 162 129 181 139 605 4376 
128 147 162 151 154 146 144 162 133 160 158 142 121 140 162 168 
159 198 139 137 153 140 146 143 150 139 162 142 135 164 171 155 
