1034 948 1036 1072 989 1055 1096 1090 1088 1070 1146 1116 1117 1078 1178 1172 
1055 1048 1098 1113 1126 1126 1102 1158 1140 1218 1224 1273 1307 1339 1461 1429 
1021 1096 1144 1140 1153 1110 1147 1093 1173 1210 1263 1347 1394 1514 1904 2086 
1109 1069 1092 1099 1171 1227 1140 1207 1209 1246 1266 1344 1547 1893 5347 31187 
1070 1179 1128 1194 1225 1155 1184 1198 1219 1214 1247 1404 1599 2235 10551 60473 
1012 1119 1146 1195 1183 1228 1169 1264 1194 1323 1289 1376 1553 1882 4642 14980 
1085 1209 1130 1207 1215 1157 1242 1213 1204 1274 1225 1310 1488 1606 1681 1789 
1166 1160 1161 1168 1190 1161 1276 1256 1269 1275 1298 1333 1318 1434 1444 1374 
1080 1173 1172 1163 1202 1190 1238 1221 1196 1250 1262 1319 1332 1297 1365 1280 
1034 1115 1169 1177 1205 1158 1248 1135 1243 1232 1215 1293 1181 1236 1241 1144 
1113 1153 1143 1111 1193 1162 1219 1202 1189 1247 1214 1175 1252 1293 1240 1126 
1012 1090 1164 1113 1171 1242 1232 1212 1189 1188 1121 1168 1194 1139 1152 1134 
1115 1088 1173 1135 1177 1170 1207 1187 1201 1197 1185 1127 1185 1130 1116 1037 
1098 1050 1203 1102 1131 1269 1174 1189 1152 1199 1190 1164 1090 1127 1101 1042 
1093 1080 1157 1140 1200 1093 1178 1170 1064 1090 1175 1131 1099 1075 1062 1011 
1004 1083 1052 1035 1058 1145 1078 1120 1128 1073 1072 1038 1048 1044 975 965 
