949 913 988 954 978 1021 987 1007 953 984 1014 1062 1178 1511 7679 30039 
944 1040 1052 1000 981 1074 1041 1089 1038 1068 1092 1134 1118 1537 3651 7678 
957 1106 1090 1070 1036 1091 1108 1007 1101 1128 1117 1072 1152 1308 1422 1431 
951 1088 1169 1092 1121 1075 1161 1088 1151 1116 1135 1150 1214 1182 1193 1229 
1012 1099 1048 1185 1155 1128 1149 1121 1176 1108 1101 1086 1125 1141 1115 991 
1032 1135 1093 1143 1088 1046 1104 1208 1161 1130 1191 1175 1152 1094 1189 1062 
1029 1089 1185 1106 1110 1148 1172 1204 1130 1154 1158 1063 1140 1055 1080 1013 
1055 1014 1115 1217 1180 1141 1108 1163 1143 1144 1126 1184 1128 1110 1089 998 
1088 1115 1095 1074 1164 1129 1086 1173 1137 1103 1128 1112 1207 1089 1052 969 
1057 1091 1139 1136 1213 1108 1173 1166 1127 1090 1146 1169 1110 1081 963 975 
1098 1138 1147 1099 1167 1156 1126 1090 1067 1122 1057 1135 1134 1109 1062 975 
1060 1110 1128 1127 1148 1182 1165 1078 1098 1135 1154 1131 1124 1142 1072 989 
1065 1099 1169 1153 1205 1104 1198 1084 1157 1146 1083 1099 1083 1065 1080 1048 
1017 1069 1178 1161 1124 1191 1155 1126 1122 1157 1101 1077 1075 1060 1050 923 
1016 1048 1031 1116 1029 1063 1050 1146 1065 1069 1091 1109 1030 1041 982 1029 
982 1070 1034 1024 1009 1047 1136 1107 1006 1098 1048 1036 1042 949 1082 908 
