1068 1026 1020 1032 1004 1062 1052 1113 1030 1059 1065 1076 1068 1125 1019 1029 
1007 1031 1099 1154 1169 1135 1078 1079 1111 1144 1145 1063 1051 1010 1030 962 
1094 1082 1098 1183 1164 1062 1153 1143 1139 1199 1150 1072 1134 1061 1120 1021 
1136 1141 1203 1130 1156 1226 1187 1174 1188 1225 1198 1174 1115 1115 1050 992 
1054 1173 1165 1235 1193 1223 1192 1231 1185 1230 1146 1153 1161 1168 1047 1080 
1107 1126 1146 1173 1144 1205 1176 1202 1207 1225 1185 1218 1092 1119 1176 1054 
1073 1155 1146 1203 1149 1202 1189 1174 1116 1212 1172 1273 1201 1167 1155 1101 
1068 1109 1180 1137 1183 1234 1219 1119 1210 1233 1211 1273 1216 1217 1168 1159 
1042 1166 1193 1196 1226 1180 1164 1211 1241 1220 1234 1218 1231 1299 1255 1141 
1152 1127 1156 1179 1229 1166 1207 1165 1203 1218 1284 1259 1249 1269 1458 1332 
1050 1107 1166 1214 1231 1183 1168 1150 1188 1186 1210 1319 1384 1534 1780 1838 
1041 1082 1238 1143 1151 1195 1169 1195 1227 1264 1295 1307 1503 1825 4461 12438 
1099 1162 1189 1219 1157 1155 1148 1234 1153 1181 1205 1368 1572 2156 10182 54060 
1069 1024 1146 1092 1071 1219 1243 1215 1174 1182 1234 1389 1448 1789 5058 29171 
1019 1045 1060 1124 1101 1090 1157 1056 1221 1207 1262 1198 1345 1464 1866 2283 
953 1006 993 1056 1127 1042 1050 1021 1071 1057 1156 1125 1169 1295 1381 1399 
