1061 1105 1151 1067 1142 1094 1045 1077 1058 1020 1044 1049 1005 1010 981 953 
1132 1181 1107 1132 1100 1114 1169 1139 1193 1208 1128 1092 1128 1094 1154 1026 
1063 1107 1158 1140 1236 1234 1163 1181 1215 1193 1162 1181 1219 1207 1071 1083 
1096 1180 1194 1161 1180 1136 1237 1159 1218 1270 1217 1251 1195 1196 1208 1089 
1121 1193 1132 1220 1209 1167 1211 1252 1296 1226 1199 1225 1205 1276 1263 1164 
1096 1166 1169 1179 1185 1101 1272 1239 1242 1301 1336 1307 1306 1314 1317 1269 
1182 1189 1141 1235 1172 1198 1203 1245 1263 1211 1265 1323 1381 1457 1496 1429 
1100 1196 1289 1176 1193 1298 1248 1252 1232 1273 1340 1410 1504 1713 1886 1882 
1103 1170 1225 1232 1252 1259 1267 1180 1345 1286 1323 1447 1608 1992 4769 21020 
1076 1111 1210 1113 1222 1315 1217 1227 1240 1248 1334 1378 1615 2286 10168 67816 
1008 1095 1217 1216 1255 1212 1285 1240 1314 1237 1295 1414 1571 1903 5110 31049 
1119 1141 1203 1172 1176 1154 1178 1261 1309 1335 1325 1402 1466 1777 1970 2112 
1151 1143 1113 1159 1177 1206 1222 1186 1246 1237 1306 1299 1351 1465 1497 1526 
1071 1110 1080 1146 1165 1192 1193 1253 1252 1161 1209 1260 1322 1294 1311 1260 
1048 1142 1169 1134 1070 1108 1125 1206 1079 1147 1194 1169 1233 1194 1168 1196 
1054 1016 1126 1093 1104 1080 1009 1091 1086 1051 1088 1079 1116 1102 1085 998 
