147 137 160 127 128 139 131 153 136 145 163 152 134 160 482 3742 
158 162 146 157 131 150 141 135 148 153 142 142 150 183 1316 6136 
188 170 167 147 142 136 139 141 141 133 148 164 141 182 484 1357 
153 146 151 141 134 156 132 133 122 133 146 150 123 152 152 166 
168 158 150 115 133 140 133 137 157 130 111 135 166 155 150 172 
175 154 162 174 140 133 152 134 149 149 125 180 138 167 143 166 
172 133 128 162 154 133 147 134 139 147 152 155 151 153 147 145 
178 143 146 162 143 150 137 152 143 142 140 140 129 142 145 142 
171 146 143 146 138 140 127 136 147 150 169 132 160 172 143 132 
188 152 143 158 136 147 151 143 156 149 148 167 137 139 144 118 
174 148 148 142 166 159 166 137 141 151 129 144 149 125 138 139 
167 138 156 151 138 166 147 163 144 163 151 166 138 145 130 138 
164 138 152 145 148 172 151 134 151 148 136 161 155 127 122 126 
177 174 171 130 162 165 148 174 149 167 167 145 145 130 163 155 
177 187 161 159 124 167 164 146 155 162 127 182 134 142 160 171 
212 172 169 177 173 158 132 183 193 153 180 165 161 168 167 152 
