1021 1001 1014 940 984 1018 1004 1046 1047 1054 1116 1138 1276 1478 4028 23971 
982 1075 1084 1050 1123 1058 1086 1060 1115 1157 1154 1245 1299 1819 8964 37870 
1060 1082 1147 1070 1089 1117 1090 1162 1141 1117 1181 1271 1353 1683 4160 8915 
1036 1105 1132 1125 1152 1112 1175 1093 1114 1174 1188 1220 1281 1438 1607 1655 
1056 1164 1171 1130 1153 1174 1148 1145 1109 1193 1137 1166 1269 1288 1270 1236 
1091 1079 1118 1162 1115 1066 1190 1138 1200 1192 1145 1173 1180 1159 1179 1091 
1091 1103 1104 1156 1072 1150 1112 1124 1152 1181 1174 1220 1200 1143 1157 1115 
1094 1123 1100 1172 1091 1242 1171 1094 1176 1176 1154 1168 1124 1166 1081 1045 
1119 1121 1080 1148 1074 1190 1157 1080 1121 1125 1158 1102 1250 1170 1082 1051 
1063 1219 1121 1146 1149 1152 1094 1201 1143 1197 1156 1153 1102 1149 1048 1035 
1089 1082 1087 1112 1168 1154 1191 1184 1153 1139 1115 1172 1172 1089 1061 995 
1019 1087 1104 1162 1131 1180 1126 1200 1146 1237 1176 1204 1125 1090 1083 955 
1072 1054 1107 1110 1164 1225 1211 1155 1159 1153 1026 1137 1094 1109 1048 952 
1097 1168 1149 1137 1168 1187 1098 1177 1125 1144 1104 1120 1109 1106 1104 945 
1044 1093 1098 1114 1054 1125 1068 1118 1151 1104 1031 1111 1057 1097 1066 990 
1050 1000 1061 1116 1051 1020 1035 1063 1070 999 1068 1065 994 1021 973 897 
