1077 1074 1052 1072 1040 1133 1026 1037 1057 1055 1146 1137 1108 1085 1135 1016 
1059 1137 1169 1134 1082 1103 1132 1164 1151 1162 1120 1184 1238 1127 1166 1078 
1069 1113 1149 1225 1189 1104 1196 1174 1183 1174 1238 1212 1231 1283 1190 1136 
1078 1218 1166 1178 1174 1146 1204 1192 1243 1219 1251 1274 1306 1416 1302 1273 
1091 1181 1135 1167 1242 1241 1200 1245 1245 1275 1325 1406 1341 1472 1548 1504 
1164 1156 1154 1136 1142 1134 1257 1248 1198 1276 1258 1418 1486 1690 2014 2159 
1118 1163 1272 1187 1193 1224 1225 1275 1238 1331 1298 1419 1570 2070 5152 29115 
1124 1059 1160 1190 1207 1208 1185 1250 1291 1338 1360 1441 1575 2344 11101 71199 
1103 1080 1216 1228 1236 1217 1193 1239 1339 1278 1347 1374 1597 2035 5084 26034 
1061 1181 1130 1200 1186 1258 1172 1175 1210 1257 1306 1388 1445 1661 1928 2193 
1057 1085 1126 1286 1225 1201 1209 1211 1151 1281 1301 1319 1379 1478 1663 1539 
1129 1123 1183 1177 1196 1177 1189 1143 1170 1237 1171 1308 1275 1302 1311 1252 
1068 1136 1091 1137 1194 1132 1159 1181 1200 1198 1201 1260 1278 1270 1279 1165 
1108 1063 1109 1076 1146 1109 1211 1124 1249 1240 1234 1185 1177 1186 1148 1097 
1021 1069 1076 1164 1121 1132 1164 1113 1174 1138 1083 1124 1108 1117 1133 1067 
1012 1005 1082 1082 1088 1070 1077 1055 1076 1030 1064 1075 1041 1057 1011 978 
