181 187 166 152 165 169 152 179 177 165 170 186 199 159 160 155 
162 153 151 158 164 148 154 161 173 152 151 163 147 159 151 144 
186 167 169 169 183 145 158 158 139 163 149 134 154 160 170 171 
193 142 144 166 146 160 163 132 151 167 150 140 138 152 148 152 
185 170 145 154 189 166 147 136 171 140 142 165 152 136 156 149 
196 168 150 137 164 176 164 155 179 146 141 164 173 177 156 151 
177 168 147 153 129 155 149 168 155 150 163 150 133 175 147 134 
164 162 172 161 160 143 160 148 137 128 156 162 176 165 154 143 
178 169 158 164 162 158 163 176 165 158 163 154 155 156 169 164 
202 172 180 143 144 145 164 157 148 130 136 171 165 139 525 2552 
164 156 164 148 142 151 156 167 144 140 158 163 149 182 1321 10176 
196 170 171 172 156 192 145 140 147 164 124 168 129 146 588 4856 
186 153 154 166 184 133 163 130 157 148 185 161 166 131 189 187 
176 173 151 160 157 138 159 149 163 168 165 155 138 142 147 163 
184 161 155 158 142 155 135 140 139 146 145 139 149 143 146 151 
163 183 160 150 169 145 149 181 167 128 160 135 149 141 152 148 
