935 1053 1051 1041 1039 1063 1038 1121 1093 1044 1062 1171 1158 1192 1366 1429 
1024 1053 1110 1099 1172 1129 1182 1166 1155 1136 1229 1291 1377 1603 1835 2193 
1050 1137 1099 1159 1152 1212 1100 1211 1200 1161 1283 1383 1444 1809 4928 29854 
1141 1139 1147 1172 1201 1171 1209 1177 1162 1159 1287 1353 1445 2004 9670 51875 
1108 1147 1167 1144 1180 1217 1195 1204 1249 1206 1272 1332 1546 1821 4316 11588 
1068 1156 1148 1159 1163 1169 1209 1163 1221 1238 1244 1264 1364 1475 1703 1665 
1112 1107 1140 1179 1184 1130 1133 1192 1220 1218 1323 1284 1305 1373 1337 1369 
1157 1197 1220 1066 1137 1128 1150 1196 1221 1234 1257 1300 1211 1298 1204 1201 
1098 1102 1126 1166 1169 1181 1208 1156 1235 1170 1159 1102 1206 1258 1108 1137 
1091 1141 1182 1139 1204 1166 1207 1131 1224 1226 1186 1181 1169 1217 1125 1109 
1077 1106 1239 1114 1173 1159 1194 1174 1104 1190 1251 1193 1159 1222 1127 1026 
1074 1174 1203 1144 1106 1171 1200 1140 1200 1159 1234 1229 1169 1151 1146 1035 
1113 1056 1116 1123 1180 1170 1147 1157 1159 1167 1164 1164 1095 1062 1114 1004 
1081 1146 1181 1170 1143 1168 1171 1095 1148 1138 1230 1141 1117 1156 1052 1005 
1051 1054 1097 1111 1177 1124 1073 1114 1103 1110 1163 1056 1101 1075 1021 957 
1014 1033 1068 977 1120 1012 1054 1083 1007 1047 1006 1067 1010 969 1001 914 
