1003 1033 1019 1071 1084 1062 1069 1039 1102 1072 1068 1132 1106 1115 1028 1031 
991 1117 1140 1168 1168 1129 1114 1193 1147 1139 1127 1160 1142 1097 1087 1007 
1066 1095 1087 1230 1227 1212 1233 1148 1134 1148 1152 1198 1185 1167 1100 1040 
1029 1137 1217 1238 1180 1181 1185 1167 1109 1170 1151 1192 1122 1212 1160 1078 
1075 1153 1188 1225 1254 1288 1255 1162 1177 1292 1179 1195 1221 1169 1083 1039 
1024 1185 1208 1221 1258 1185 1200 1162 1279 1196 1216 1188 1245 1124 1117 1102 
1177 1219 1282 1278 1238 1243 1217 1257 1232 1206 1183 1209 1195 1215 1178 1112 
1279 1320 1304 1326 1351 1300 1260 1244 1315 1242 1242 1184 1177 1250 1105 1059 
1287 1429 1433 1364 1289 1257 1253 1273 1278 1301 1223 1222 1290 1235 1110 1121 
1674 1720 1664 1492 1438 1359 1346 1271 1209 1227 1181 1163 1225 1180 1145 1133 
2206 2419 2199 1790 1561 1337 1320 1277 1262 1270 1197 1188 1166 1204 1082 1100 
9199 15340 5263 2157 1708 1441 1329 1289 1293 1274 1260 1209 1186 1196 1192 1082 
40726 67215 12278 2455 1708 1560 1274 1312 1249 1247 1170 1188 1182 1211 1201 1086 
16816 38095 6757 2271 1628 1433 1401 1325 1243 1203 1126 1131 1259 1132 1076 1068 
3342 3268 2346 1735 1498 1314 1269 1180 1225 1197 1080 1171 1154 1066 1092 1043 
1685 1750 1646 1435 1292 1169 1210 1125 1123 1050 1118 1061 1156 1035 1030 1028 
