410 284 155 194 132 152 171 140 163 158 148 133 167 141 152 162 
2274 5147 696 149 149 136 148 150 149 134 141 149 151 152 139 176 
5661 9218 1601 214 167 161 140 160 160 163 145 156 128 179 156 166 
803 1721 518 185 169 158 140 137 126 150 137 148 145 150 160 155 
155 167 162 170 151 155 111 146 141 194 116 158 160 159 159 161 
160 154 162 153 162 164 132 127 140 147 166 165 161 155 156 177 
159 154 152 146 135 137 129 149 151 158 154 135 148 142 143 169 
140 143 147 140 154 166 147 141 152 148 143 161 141 149 147 156 
160 114 151 148 133 125 152 161 151 150 152 143 147 148 147 143 
144 127 155 147 134 132 130 131 164 166 165 178 129 153 166 160 
150 155 152 165 177 160 177 163 141 159 141 143 171 154 140 207 
134 154 128 149 138 136 133 146 164 167 131 154 162 135 191 153 
149 152 143 169 132 153 168 156 148 149 137 132 153 148 154 188 
163 147 154 165 156 151 146 179 156 142 155 169 146 160 155 188 
164 154 157 151 161 170 178 162 191 152 155 170 180 182 169 188 
192 166 169 150 153 186 148 140 156 174 166 168 182 159 204 213 
