1188 1266 1235 1207 1187 1136 1176 1138 1093 1028 1118 992 1028 1016 1022 1002 
1412 1561 1537 1457 1381 1306 1265 1288 1193 1203 1188 1087 1129 1166 1060 1081 
1755 2004 1861 1654 1494 1385 1322 1276 1215 1218 1194 1244 1130 1101 1141 1040 
2979 3173 2561 2101 1631 1526 1345 1292 1266 1248 1165 1165 1211 1225 1123 1129 
17789 42467 6982 2437 1763 1545 1418 1342 1283 1221 1273 1176 1212 1158 1069 1073 
44499 80312 13358 2673 1975 1574 1423 1296 1265 1233 1264 1242 1181 1216 1208 1109 
15216 23885 5643 2397 1715 1491 1333 1431 1280 1184 1231 1243 1205 1186 1121 1083 
2412 2716 2300 1949 1652 1494 1397 1286 1247 1246 1228 1161 1290 1199 1059 1054 
1690 1863 1825 1641 1519 1377 1398 1296 1259 1321 1282 1216 1273 1145 1191 1138 
1372 1524 1564 1455 1328 1337 1417 1364 1246 1211 1261 1223 1246 1116 1173 1120 
1263 1368 1327 1286 1347 1348 1314 1356 1326 1259 1217 1208 1205 1174 1156 1105 
1217 1275 1281 1296 1345 1299 1264 1300 1298 1270 1258 1241 1151 1227 1201 1111 
1144 1202 1206 1283 1262 1238 1273 1217 1183 1274 1225 1206 1186 1240 1185 1145 
1068 1127 1130 1176 1236 1250 1153 1285 1163 1198 1151 1152 1139 1161 1185 1109 
1039 1093 1149 1167 1244 1148 1154 1123 1168 1166 1211 1197 1164 1093 1138 1042 
1016 1064 1097 1112 1105 1088 1132 1077 1108 1085 1053 1097 1005 1018 1114 1023 
