163 179 158 164 158 163 152 155 144 148 170 152 159 173 164 175 
136 162 135 137 143 159 145 167 150 152 144 147 166 157 177 162 
152 155 179 165 168 164 141 141 158 169 144 155 148 146 173 173 
168 165 159 142 162 168 143 169 174 167 161 163 144 143 166 171 
182 202 165 167 147 160 156 129 152 163 175 181 150 170 131 160 
2441 6231 611 151 154 146 156 134 167 145 150 165 151 140 162 162 
6884 13132 1636 197 162 196 154 166 158 153 160 161 161 148 163 160 
2295 4223 564 171 177 178 170 170 156 155 147 183 161 171 162 187 
180 183 149 169 160 154 155 159 162 151 153 140 154 159 153 185 
142 179 145 160 178 164 144 154 157 164 145 157 164 154 164 165 
162 158 156 150 154 135 155 150 176 145 166 139 161 157 162 172 
154 131 134 154 163 145 138 150 168 175 159 179 161 158 157 170 
147 152 152 158 167 150 164 171 165 160 155 162 144 140 164 182 
169 158 141 157 142 161 156 145 174 134 142 166 151 172 173 184 
154 145 147 144 166 163 156 156 165 153 176 157 163 164 160 166 
162 186 172 174 146 150 177 170 184 195 166 162 184 159 189 153 
