1186 1195 1176 1256 1199 1167 1181 1084 1087 1085 1074 1097 1035 1118 1082 1051 
1226 1322 1313 1346 1279 1297 1216 1262 1257 1136 1148 1109 1233 1098 1105 1082 
1444 1430 1503 1452 1404 1391 1369 1349 1218 1175 1270 1185 1131 1182 1063 1113 
1839 1959 1827 1683 1544 1415 1342 1314 1266 1213 1240 1187 1196 1194 1159 1094 
2869 2996 2547 1940 1696 1462 1414 1248 1309 1233 1274 1246 1220 1186 1117 1187 
18259 42226 6532 2451 1742 1566 1448 1335 1342 1298 1217 1219 1176 1105 1114 1072 
46146 83598 13329 2835 1897 1564 1407 1330 1304 1260 1243 1253 1250 1178 1157 1112 
17102 29800 6089 2374 1810 1514 1443 1317 1382 1267 1260 1323 1259 1263 1093 1165 
2699 2913 2435 2005 1672 1462 1358 1315 1275 1272 1339 1216 1223 1196 1178 1072 
1800 1919 1869 1640 1617 1476 1328 1355 1311 1241 1209 1240 1250 1142 1161 1052 
1393 1592 1550 1453 1491 1313 1301 1271 1406 1183 1268 1210 1206 1165 1121 1132 
1313 1343 1346 1411 1297 1336 1328 1245 1232 1267 1223 1219 1204 1131 1129 1154 
1165 1307 1297 1277 1327 1263 1246 1270 1292 1215 1266 1216 1182 1103 1140 1090 
1147 1200 1243 1273 1171 1187 1223 1259 1243 1204 1235 1224 1152 1168 1130 1115 
1078 1143 1215 1128 1120 1184 1183 1216 1162 1201 1218 1147 1142 1123 1134 1044 
987 1060 1100 1132 1109 1124 1150 1089 1083 1086 1119 1097 1103 1001 1093 992 
