138 172 155 163 173 176 188 204 145 184 173 185 187 169 204 163 
143 152 159 136 145 150 157 164 147 160 165 163 168 186 182 157 
148 145 154 145 160 155 153 166 153 128 137 146 166 147 156 185 
170 164 139 131 144 148 148 148 161 160 145 141 163 170 160 181 
149 161 163 151 148 137 140 146 163 149 151 157 159 132 171 177 
162 165 146 133 151 151 160 137 123 134 143 141 164 138 133 191 
157 142 137 130 113 155 122 156 161 163 142 162 146 141 141 164 
129 115 142 155 153 157 153 135 141 136 161 125 155 151 138 173 
145 128 170 122 142 152 142 130 137 164 138 158 157 182 158 161 
143 145 142 154 158 135 142 137 125 156 141 135 161 144 162 163 
130 131 157 158 168 137 120 153 122 145 140 171 139 161 149 164 
166 147 159 121 138 127 133 136 152 149 121 145 135 147 158 183 
128 195 174 149 152 138 179 142 125 147 131 142 150 129 147 154 
651 1430 566 190 161 141 162 157 169 138 171 152 165 146 153 183 
4708 7657 1367 180 154 135 142 152 163 154 157 146 147 134 144 167 
2312 4716 600 154 164 167 147 149 138 151 153 140 152 157 148 164 
