987 979 989 977 1020 1070 1104 1021 1037 1106 1031 1005 1117 1051 1084 1109 
978 1030 1123 1027 1094 1104 1022 1161 1163 1032 1167 1135 1082 1083 1088 986 
983 1024 1067 1060 1094 1102 1123 1122 1122 1120 1108 1143 1158 1029 1073 1030 
1011 1023 1190 1107 1128 1171 1177 1146 1147 1172 1171 1132 1113 1171 1182 989 
855 1019 1039 1058 1097 1233 1152 1182 1193 1235 1203 1166 1108 1147 1050 983 
975 1074 1104 1118 1133 1186 1153 1166 1087 1166 1154 1168 1152 1113 1084 1067 
1010 1031 1100 1092 1140 1192 1165 1186 1166 1137 1204 1202 1195 1087 1098 1022 
1075 1124 1153 1125 1185 1112 1164 1138 1165 1237 1103 1143 1245 1202 1064 1018 
1050 1081 1099 1110 1224 1290 1157 1241 1167 1217 1156 1090 1139 1068 1134 1074 
1035 1166 1180 1120 1122 1171 1231 1179 1138 1174 1158 1147 1090 1130 1110 1060 
1096 1163 1143 1160 1222 1183 1164 1114 1145 1167 1208 1188 1170 1072 1117 948 
1117 1252 1216 1213 1243 1155 1144 1140 1170 1189 1161 1155 1121 1117 1131 1123 
1217 1334 1328 1247 1283 1203 1142 1145 1152 1137 1146 1215 1104 1088 1090 1095 
1537 1761 1654 1358 1233 1162 1191 1138 1146 1142 1086 1158 1130 1093 1066 988 
4192 9062 4155 1601 1318 1150 1180 1067 1101 1049 1054 1095 1055 1053 1011 1060 
23906 38074 9380 1498 1206 1055 1078 1051 991 997 960 985 979 980 973 950 
