1012 1034 1118 1137 1075 1100 1067 1151 1124 1031 1075 1086 1062 1061 986 1034 
1030 1068 1157 1161 1184 1203 1192 1145 1189 1131 1201 1199 1146 1121 1103 1106 
1107 1221 1272 1266 1282 1244 1209 1233 1169 1201 1226 1234 1217 1149 1172 1143 
1187 1234 1287 1328 1284 1179 1265 1220 1249 1239 1267 1203 1225 1162 1160 1098 
1330 1303 1443 1431 1309 1302 1293 1297 1233 1208 1182 1242 1222 1222 1196 1152 
1457 1635 1465 1545 1424 1351 1386 1330 1303 1213 1213 1171 1182 1190 1200 1176 
1741 1856 1846 1620 1545 1453 1363 1298 1326 1285 1258 1270 1212 1195 1202 1092 
2681 2880 2473 2059 1678 1572 1429 1399 1298 1306 1273 1280 1190 1223 1180 1129 
17162 29698 5941 2354 1824 1565 1419 1437 1285 1190 1212 1229 1243 1258 1181 1116 
45715 83784 14033 2698 1868 1579 1460 1372 1280 1271 1222 1231 1195 1178 1142 1120 
18015 41982 6906 2428 1929 1508 1392 1242 1232 1273 1184 1139 1278 1160 1205 1088 
2742 3115 2635 1885 1670 1439 1401 1343 1225 1269 1180 1207 1242 1196 1119 1128 
1833 1946 1940 1746 1489 1364 1284 1286 1219 1202 1323 1273 1183 1151 1134 1110 
1447 1553 1541 1465 1418 1358 1210 1200 1259 1225 1171 1232 1203 1141 1091 1065 
1215 1274 1384 1377 1314 1229 1226 1189 1146 1137 1143 1136 1207 1185 1127 1052 
1136 1118 1212 1192 1216 1178 1092 1093 1083 1047 1072 1065 1121 1107 1110 1110 
