23734 38701 9031 1544 1158 1135 1020 1106 1055 1022 1016 1012 1087 1057 970 918 
4126 8650 4123 1633 1327 1179 1178 1191 1056 1171 1071 1039 1086 1079 1030 1010 
1518 1815 1670 1464 1292 1273 1167 1180 1091 1188 1146 1114 1076 986 1134 1070 
1209 1399 1352 1290 1191 1246 1138 1118 1195 1093 1132 1161 1131 1049 1070 1070 
1133 1184 1199 1215 1173 1146 1240 1131 1158 1171 1089 1142 1069 1137 1086 1049 
1079 1131 1128 1190 1178 1183 1182 1113 1069 1160 1177 1209 1126 1133 1117 1001 
1051 1096 1141 1069 1182 1220 1181 1096 1137 1115 1177 1149 1070 1142 1142 1030 
1021 1071 1191 1189 1183 1130 1170 1180 1111 1166 1085 1184 1172 1110 1144 1035 
1066 1112 1020 1100 1164 1135 1181 1085 1149 1101 1139 1141 1083 1082 1076 1037 
1045 1113 1191 1154 1079 1162 1130 1157 1148 1123 1156 1119 1153 1127 1111 1065 
1022 1028 1116 1174 1142 1076 1122 1161 1167 1171 1149 1146 1095 1170 1068 995 
1052 1081 1069 1054 1160 1095 1159 1132 1168 1146 1161 1121 1137 1102 1057 1047 
1010 1099 1100 1156 1140 1196 1207 1102 1124 1172 1121 1164 1086 1158 1076 1083 
1027 1103 1091 1136 1129 1121 1136 1145 1154 1150 1119 1134 1090 1032 1080 1059 
969 993 1031 1140 1076 1089 1120 1126 1180 1091 1113 1125 1137 1056 1094 991 
986 1107 1030 1049 1026 1061 1054 1040 1037 1103 1120 1067 1098 1104 1017 1052 
