167 154 150 161 144 160 153 155 150 148 156 145 163 173 160 179 
317 240 177 131 152 144 157 150 160 145 148 153 183 162 179 186 
2249 5763 680 168 134 144 158 153 138 148 138 135 151 132 172 171 
6170 10523 1669 182 175 152 145 166 152 163 139 150 138 156 159 174 
1084 2100 541 188 158 175 165 149 126 146 190 157 141 158 164 171 
168 158 172 165 170 149 142 133 153 151 153 162 150 153 164 152 
173 146 140 178 179 163 176 143 147 150 151 165 161 149 161 172 
141 153 159 154 152 142 134 141 161 147 167 169 155 185 178 162 
169 152 163 141 139 143 159 159 163 146 166 146 146 164 173 187 
183 168 141 167 154 133 163 165 168 140 150 160 157 166 164 175 
142 147 161 141 118 175 122 160 151 154 146 156 173 147 171 172 
159 143 133 160 152 156 139 166 156 146 147 178 160 160 185 173 
152 141 149 175 162 148 148 170 175 151 152 165 152 167 156 166 
152 149 128 141 162 153 160 168 150 146 182 147 147 157 175 181 
150 153 167 164 165 151 142 154 148 149 162 139 155 154 163 195 
155 175 202 165 163 172 173 145 171 175 186 167 167 180 190 192 
