1395 1491 1352 1309 1262 1236 1172 1195 1177 1096 1086 1077 1118 1097 1105 984 
1773 1951 1790 1655 1493 1378 1283 1176 1200 1186 1068 1116 1210 1102 1093 1058 
3186 3065 2526 1877 1653 1443 1260 1251 1238 1133 1213 1165 1161 1117 1073 1087 
17660 41405 6784 2358 1807 1505 1357 1293 1276 1290 1255 1271 1186 1207 1155 1081 
43984 74890 12698 2494 1831 1510 1420 1320 1225 1243 1180 1170 1150 1183 1199 1048 
12223 18532 5418 2277 1738 1520 1386 1364 1229 1269 1230 1175 1181 1214 1248 1032 
2303 2454 2205 1839 1660 1508 1355 1329 1233 1284 1193 1265 1231 1153 1191 1104 
1638 1733 1719 1589 1506 1417 1367 1381 1263 1307 1298 1198 1193 1188 1191 1142 
1349 1518 1469 1386 1432 1354 1373 1276 1257 1295 1173 1198 1161 1247 1185 1085 
1226 1317 1385 1263 1335 1277 1259 1266 1230 1251 1216 1151 1189 1158 1150 1105 
1187 1329 1240 1329 1286 1284 1241 1200 1194 1260 1131 1247 1208 1214 1179 1138 
1151 1237 1248 1189 1236 1277 1212 1248 1195 1289 1220 1225 1200 1187 1183 1135 
1062 1164 1109 1236 1244 1221 1238 1194 1221 1239 1267 1179 1119 1143 1147 1128 
1016 1116 1150 1267 1182 1118 1242 1197 1224 1165 1222 1158 1222 1151 1092 1079 
1033 1111 1193 1151 1115 1117 1171 1157 1210 1137 1142 1161 1073 1147 1022 1060 
1011 1083 1153 1098 1042 1051 1094 1045 1084 1112 1060 1036 1047 1031 999 974 
