147 168 184 155 171 162 168 183 192 179 171 179 188 179 168 165 
138 145 153 141 155 160 143 163 165 182 173 167 159 135 160 182 
185 159 173 156 161 146 163 155 123 153 170 156 134 155 161 188 
172 142 172 130 134 157 140 166 183 161 183 160 145 161 174 163 
168 161 142 140 155 149 164 149 153 156 156 148 154 137 175 170 
130 154 151 149 141 147 150 172 172 181 153 170 151 160 184 166 
146 160 147 158 150 142 141 142 145 144 171 166 146 195 161 159 
194 163 154 147 165 168 139 167 144 141 172 135 137 137 143 173 
153 153 160 151 141 152 166 149 149 154 134 144 180 140 134 134 
161 144 154 131 159 148 138 151 128 137 160 167 172 145 161 186 
146 157 140 150 148 150 153 146 133 162 153 144 153 138 142 188 
174 168 181 160 172 163 171 174 162 164 172 147 141 147 137 178 
733 1667 485 190 167 151 143 178 152 156 143 123 144 145 151 149 
5771 8967 1422 180 159 140 142 149 169 152 151 148 141 138 193 178 
2437 5281 632 166 132 138 145 151 130 139 145 179 135 145 175 169 
391 335 187 167 154 146 145 150 156 180 134 137 164 154 157 176 
