963 1096 1049 1101 1146 1099 990 1130 1071 1126 1092 1075 1058 1085 1042 1068 
969 1060 1146 1164 1127 1183 1193 1108 1147 1133 1143 1190 1121 1131 1158 1095 
1028 1132 1192 1194 1174 1224 1194 1183 1217 1195 1224 1188 1207 1169 1141 1133 
1110 1139 1143 1239 1193 1295 1245 1179 1209 1221 1193 1154 1231 1218 1154 1090 
1127 1207 1260 1209 1214 1294 1291 1211 1146 1310 1215 1270 1181 1144 1131 1097 
1102 1202 1289 1251 1280 1237 1271 1304 1239 1207 1252 1268 1182 1205 1178 1107 
1230 1362 1304 1444 1332 1296 1289 1226 1242 1225 1278 1229 1269 1208 1198 1113 
1404 1465 1493 1457 1358 1356 1280 1283 1235 1261 1247 1231 1212 1187 1178 1151 
1782 1771 1697 1551 1449 1366 1310 1290 1222 1310 1213 1207 1226 1190 1151 1094 
2325 2534 2216 1921 1651 1487 1343 1351 1325 1294 1231 1224 1162 1178 1206 1081 
12451 18862 5446 2252 1659 1497 1445 1300 1294 1309 1187 1227 1216 1177 1172 1122 
43352 74948 12823 2563 1792 1520 1383 1332 1272 1279 1237 1196 1239 1172 1121 1096 
17074 40970 6693 2349 1687 1463 1389 1330 1294 1214 1127 1243 1177 1156 1094 1108 
3042 3056 2398 1917 1599 1417 1270 1327 1222 1124 1177 1138 1149 1142 1095 1081 
1682 1857 1812 1614 1397 1352 1195 1182 1199 1164 1156 1096 1075 1127 1065 1085 
1348 1380 1336 1284 1244 1219 1086 1082 1167 1136 1075 1071 993 1071 1023 1060 
