141 168 170 169 170 153 165 159 178 155 169 177 178 179 173 187 
143 159 147 150 162 149 160 162 160 183 143 164 160 159 165 176 
159 148 119 168 152 175 151 160 141 155 169 160 157 146 168 160 
133 143 152 151 150 141 147 144 140 170 154 169 134 161 142 185 
133 162 142 157 188 143 148 174 150 166 136 184 165 168 173 169 
135 144 144 154 142 129 144 146 135 163 149 147 160 148 155 188 
161 152 179 145 178 146 140 130 168 146 141 173 163 156 167 204 
158 147 156 157 162 170 133 137 137 152 161 179 159 172 153 169 
150 159 135 171 134 167 138 143 158 174 153 162 149 173 161 171 
192 179 177 150 131 163 143 151 150 147 140 139 155 153 142 179 
207 167 171 171 159 154 150 151 147 166 158 175 156 165 138 170 
1208 2155 547 202 149 184 160 143 180 150 160 161 167 160 179 184 
6290 10420 1610 163 151 175 128 160 157 150 134 136 137 154 151 157 
2320 5644 728 159 156 161 173 157 140 134 154 141 167 136 158 162 
280 239 189 141 149 148 150 139 137 134 119 162 158 168 167 163 
174 155 166 165 160 151 148 161 177 153 147 169 170 143 143 174 
