3526 3211 2038 1673 1374 1232 1227 1134 1091 1065 1072 1040 1130 1019 972 1006 
16426 34378 6174 2040 1597 1360 1291 1184 1151 1128 1133 1161 1091 1121 1036 1012 
36441 59392 11834 2337 1590 1407 1285 1246 1134 1205 1133 1168 1108 1115 1134 1088 
6683 12899 5050 2071 1630 1400 1303 1248 1187 1207 1173 1128 1095 1072 1109 1056 
1982 2231 2055 1679 1426 1385 1261 1285 1192 1223 1222 1211 1136 1182 1086 1067 
1514 1587 1574 1498 1426 1351 1283 1222 1201 1218 1223 1213 1169 1159 1142 1125 
1191 1345 1388 1380 1352 1234 1250 1231 1256 1227 1192 1152 1143 1132 1086 1105 
1099 1193 1281 1313 1305 1306 1241 1204 1286 1218 1230 1238 1189 1158 1092 1083 
1092 1199 1220 1291 1244 1177 1202 1297 1150 1196 1209 1186 1134 1182 1112 1050 
1062 1107 1291 1218 1191 1195 1205 1144 1318 1274 1299 1219 1205 1125 1115 1129 
1068 1134 1185 1253 1183 1174 1271 1244 1236 1221 1200 1149 1192 1218 1122 1197 
1089 1132 1123 1142 1125 1160 1192 1169 1239 1143 1170 1218 1137 1089 1129 1087 
1024 1151 1193 1231 1167 1207 1187 1157 1135 1119 1153 1135 1167 1124 1017 1106 
1016 1109 1087 1158 1181 1139 1140 1130 1170 1215 1120 1181 1126 1163 1114 1173 
975 1037 1104 1121 1159 1141 1140 1111 1217 1158 1120 1165 1106 1134 1084 1057 
1047 1024 1096 1024 1087 1082 1092 1002 1081 1093 1068 1115 1140 1014 1101 1051 
