1024 1059 1113 1177 1160 1065 1129 1133 1101 1073 1025 1046 1054 1091 991 1065 
1138 1264 1231 1222 1180 1207 1200 1205 1216 1139 1171 1108 1166 1103 1132 1093 
1266 1415 1333 1349 1340 1311 1293 1227 1214 1210 1134 1206 1166 1170 1171 1040 
1501 1594 1590 1474 1485 1439 1313 1331 1255 1283 1257 1210 1325 1151 1155 1116 
1825 2042 1987 1697 1530 1484 1389 1281 1308 1288 1287 1268 1180 1218 1191 1126 
2823 3034 2616 2030 1644 1522 1444 1373 1327 1267 1232 1279 1257 1214 1136 1096 
17882 39917 6438 2378 1898 1619 1470 1396 1402 1306 1230 1186 1259 1142 1151 1126 
45963 85646 14003 2829 1806 1563 1488 1328 1275 1219 1211 1250 1288 1134 1208 1134 
17751 35901 6325 2446 1935 1588 1504 1357 1310 1246 1324 1181 1177 1162 1161 1146 
2747 3073 2487 2025 1763 1537 1439 1348 1324 1298 1281 1241 1183 1167 1196 1148 
1878 2015 1969 1647 1532 1474 1433 1379 1313 1246 1259 1281 1179 1190 1200 1102 
1419 1592 1599 1506 1405 1299 1385 1302 1363 1280 1148 1276 1186 1229 1117 1111 
1253 1357 1307 1338 1272 1290 1304 1229 1253 1238 1225 1191 1197 1174 1115 1136 
1143 1265 1289 1265 1260 1210 1251 1247 1164 1186 1143 1190 1211 1202 1159 1117 
1102 1154 1213 1169 1263 1209 1197 1204 1152 1250 1098 1187 1158 1199 1118 1089 
1061 1085 1084 1121 1154 1074 1189 1093 1089 1084 1078 1125 1099 1086 1048 949 
