151 179 163 184 171 168 134 169 159 178 176 185 178 170 170 193 
140 156 166 160 174 168 160 151 157 166 168 166 170 173 159 179 
145 133 167 168 143 169 144 144 167 156 159 161 177 163 186 179 
142 149 145 173 151 140 156 146 168 163 135 146 167 166 170 158 
147 165 142 178 148 152 146 152 143 175 152 191 152 163 162 157 
160 122 141 128 148 139 149 164 156 142 152 165 166 167 174 187 
175 154 139 152 173 162 143 146 165 131 170 158 150 164 177 171 
149 159 150 168 137 140 157 134 167 141 149 173 156 162 151 165 
191 155 165 169 142 131 175 153 153 171 149 132 167 168 145 167 
193 184 162 150 148 148 142 151 160 147 164 152 152 134 178 146 
1628 2613 534 180 142 156 151 144 133 155 140 146 157 172 154 188 
6619 11968 1622 194 186 173 161 180 148 156 151 159 160 190 159 141 
2374 6394 688 163 160 140 169 153 152 152 148 165 152 152 162 182 
248 207 154 172 158 127 156 142 164 125 133 165 154 147 134 163 
150 150 155 169 151 139 152 161 142 151 138 147 162 161 138 163 
166 165 168 155 142 152 167 160 141 163 141 134 143 188 153 158 
