138 142 145 151 144 150 163 178 150 145 162 123 130 164 138 169 
136 144 159 175 157 160 155 198 164 172 151 169 141 160 159 190 
177 175 156 180 149 151 163 144 158 148 150 134 144 140 172 144 
194 185 157 194 161 166 147 157 157 134 133 166 166 157 141 172 
2538 6451 695 162 165 162 156 142 163 134 138 169 156 165 160 169 
6730 12556 1688 162 158 153 163 150 147 158 162 157 142 175 171 179 
2028 3295 565 164 144 158 161 178 159 142 169 178 154 137 143 156 
195 180 163 165 176 134 176 132 134 132 151 149 167 162 124 160 
149 154 156 171 152 164 168 148 153 188 179 157 163 143 170 158 
158 154 163 147 149 134 158 171 148 169 172 161 147 144 177 182 
161 148 150 150 131 162 165 168 149 154 152 143 171 168 176 164 
145 124 169 176 155 167 163 176 170 164 154 145 146 157 170 174 
176 135 133 156 136 135 159 147 158 175 134 145 161 165 165 158 
139 130 145 142 150 161 157 174 154 130 166 151 146 146 167 188 
157 149 130 152 200 146 157 151 169 161 155 181 156 140 176 169 
161 159 176 165 178 144 158 157 172 164 155 155 153 169 180 176 
