960 1128 1116 1102 1117 1225 1146 1106 1103 1150 1082 1098 1079 1038 1041 1064 
1142 1153 1210 1186 1229 1201 1177 1178 1089 1221 1167 1251 1244 1192 1103 1086 
1240 1250 1291 1244 1272 1333 1288 1269 1186 1231 1175 1234 1166 1144 1055 1126 
1266 1316 1378 1325 1330 1281 1320 1220 1285 1285 1187 1210 1119 1172 1088 1113 
1450 1570 1621 1549 1433 1354 1301 1252 1283 1304 1194 1223 1145 1218 1130 1131 
1845 1940 1900 1733 1583 1433 1386 1266 1267 1271 1229 1260 1216 1216 1207 1095 
2768 3048 2592 2123 1773 1593 1394 1261 1280 1289 1333 1235 1295 1148 1196 1132 
18128 35495 6306 2514 1829 1572 1422 1346 1313 1308 1209 1214 1241 1258 1190 1037 
46310 85595 13956 2911 1954 1607 1455 1441 1262 1272 1274 1239 1292 1131 1172 1143 
18162 39491 6399 2499 1765 1541 1440 1314 1317 1233 1244 1240 1152 1186 1149 1204 
2762 3064 2594 2010 1719 1422 1388 1269 1244 1225 1192 1255 1192 1185 1171 1108 
1768 1929 1971 1710 1556 1411 1301 1286 1275 1232 1285 1167 1169 1206 1204 1117 
1491 1524 1580 1449 1437 1303 1302 1288 1240 1294 1273 1273 1172 1212 1132 1085 
1294 1426 1378 1319 1378 1273 1275 1265 1270 1207 1193 1247 1168 1176 1115 1080 
1177 1264 1276 1271 1288 1273 1202 1128 1185 1211 1181 1240 1129 1177 1113 1007 
1095 1114 1147 1098 1155 1226 1109 1134 1115 1132 1145 1052 1034 1029 1087 1029 
