154 151 173 161 181 194 153 176 163 158 143 171 190 157 158 175 
169 149 168 169 141 152 150 149 137 153 143 171 171 183 155 177 
152 142 138 147 157 136 147 164 181 150 158 158 151 159 165 173 
134 164 159 149 141 146 121 148 164 162 150 166 148 166 153 179 
165 142 142 158 169 145 155 150 157 150 155 179 142 173 173 170 
176 179 182 153 167 161 157 143 149 139 155 158 172 165 165 178 
201 203 166 190 160 165 151 142 154 164 185 157 183 152 167 167 
2370 5138 594 182 162 160 170 152 141 186 167 143 170 202 181 156 
6931 13386 1739 181 180 143 141 130 149 151 158 169 168 151 189 182 
2472 5943 599 175 162 132 158 152 128 137 148 177 160 159 173 174 
196 182 198 156 169 178 148 144 142 159 159 147 163 165 159 168 
160 160 194 174 150 136 144 161 149 146 164 131 164 169 141 182 
179 161 153 146 151 140 145 159 154 153 174 170 156 154 137 162 
157 161 143 153 157 186 155 168 161 132 154 168 165 168 151 191 
158 155 155 155 139 148 144 151 163 175 146 171 154 150 177 180 
155 165 158 150 154 166 149 170 146 164 140 163 188 153 180 179 
