966 1014 1093 1058 1066 1039 1180 1096 1213 1103 1105 1031 1100 1112 1035 987 
1026 1024 1067 1145 1104 1143 1163 1140 1202 1183 1178 1149 1101 1069 1074 1081 
1079 1118 1140 1145 1178 1153 1175 1200 1211 1167 1158 1174 1191 1148 1097 1100 
1054 1089 1130 1131 1102 1282 1169 1150 1258 1210 1250 1155 1168 1185 1164 1015 
1104 1108 1116 1173 1175 1247 1293 1219 1214 1243 1214 1204 1096 1194 1186 1097 
972 1120 1157 1180 1174 1258 1234 1171 1189 1216 1163 1242 1171 1209 1171 1098 
1052 1193 1212 1168 1208 1217 1206 1210 1210 1188 1179 1131 1196 1203 1138 1114 
1160 1154 1247 1250 1196 1281 1273 1288 1219 1159 1230 1152 1157 1113 1103 1102 
1191 1200 1314 1304 1273 1245 1289 1240 1183 1248 1172 1190 1261 1136 1161 1084 
1290 1347 1401 1348 1399 1220 1223 1204 1195 1231 1214 1213 1215 1173 1144 1160 
1416 1598 1564 1437 1389 1352 1241 1214 1279 1243 1156 1213 1150 1174 1095 1143 
2082 2252 2057 1673 1469 1484 1259 1291 1207 1245 1232 1239 1140 1144 1093 1037 
6850 12253 4653 2004 1570 1393 1237 1292 1256 1268 1163 1131 1124 1155 1122 1025 
37320 57589 11104 2206 1660 1411 1243 1260 1153 1214 1116 1156 1116 1172 1206 1100 
17322 35106 5999 2052 1497 1306 1213 1235 1086 1131 1129 1199 1044 1151 1081 1029 
3545 3253 2146 1756 1372 1312 1135 1088 1034 1139 1020 1050 1015 1012 1012 986 
