145 151 139 141 162 177 165 150 147 165 168 171 196 170 158 213 
166 160 156 160 140 173 136 182 172 146 178 165 162 166 166 167 
158 144 141 184 157 126 161 168 165 166 124 164 158 125 187 138 
143 133 159 136 158 156 146 130 164 158 143 130 107 163 166 164 
112 149 151 144 132 149 132 131 165 163 127 143 143 170 166 163 
129 156 136 140 170 147 160 151 139 159 155 149 136 154 182 208 
129 141 146 114 155 159 137 151 132 150 167 135 161 142 162 172 
159 159 154 148 133 130 145 129 145 164 133 147 159 180 138 161 
146 134 166 158 129 140 148 179 147 166 153 136 127 130 163 142 
158 151 144 136 135 165 156 128 143 141 119 149 122 138 167 183 
132 127 121 139 133 141 118 153 154 120 162 149 169 152 163 158 
139 162 144 145 141 128 142 139 143 136 161 156 162 173 157 180 
161 148 142 143 149 121 150 143 176 134 128 144 121 160 165 143 
160 168 184 152 131 139 142 128 163 142 155 142 159 154 158 151 
525 1297 524 167 141 136 136 129 153 135 128 143 123 158 164 187 
3794 6120 1343 174 132 142 150 136 143 156 134 143 153 128 119 177 
