150 160 167 163 171 152 166 168 149 133 160 144 155 161 174 186 
148 136 169 153 173 180 148 171 144 130 153 143 147 139 160 201 
154 148 172 150 145 153 157 157 151 165 165 152 167 165 189 191 
143 148 137 172 158 159 153 153 156 150 176 151 165 156 172 184 
138 145 158 166 160 141 165 163 148 167 154 166 174 161 155 163 
166 143 144 169 180 142 149 163 142 138 159 148 162 198 180 169 
161 152 193 152 178 148 157 148 163 182 158 175 145 156 161 164 
194 198 182 177 141 170 164 153 155 172 160 162 161 157 157 180 
2280 4269 550 174 144 180 150 157 141 141 156 154 171 156 135 166 
6988 13108 1759 221 173 164 145 158 174 145 146 161 160 147 156 161 
2446 6309 692 167 180 116 162 150 147 134 129 157 177 144 166 168 
196 205 182 146 150 144 141 144 135 164 130 157 176 195 143 175 
177 181 146 139 151 143 105 155 149 159 165 188 169 153 148 194 
163 145 164 154 141 135 126 156 164 173 150 162 146 162 138 165 
151 149 161 156 152 142 161 151 148 163 154 178 174 172 183 167 
170 143 172 182 172 174 169 132 152 153 156 159 165 178 181 191 
