150 128 156 166 162 156 180 192 165 162 142 168 186 177 155 194 
154 170 144 151 169 139 154 143 169 140 190 147 161 152 162 175 
138 148 149 123 177 180 165 143 152 166 150 148 164 146 159 160 
160 153 156 150 147 168 161 145 151 186 182 150 188 179 198 169 
146 156 159 160 165 160 183 153 130 163 179 185 145 153 154 169 
177 174 159 169 139 178 155 154 149 158 157 178 174 161 168 175 
2453 6000 627 148 151 169 158 154 157 158 168 158 172 164 146 180 
7030 13389 1769 171 151 159 158 159 133 142 151 154 183 147 159 161 
2462 5229 569 141 174 149 164 168 141 143 173 135 150 145 166 179 
193 188 164 160 179 185 170 155 171 155 150 163 171 171 158 187 
175 176 147 138 154 140 176 145 150 159 150 175 144 161 164 169 
142 144 152 148 137 138 180 143 162 196 127 160 173 141 173 190 
154 145 164 145 167 139 166 161 174 170 140 167 166 155 154 180 
154 129 173 141 137 145 157 135 168 142 138 147 169 165 163 179 
158 156 160 148 160 159 147 158 141 132 153 169 163 184 177 160 
172 157 149 148 157 137 163 126 175 152 163 174 167 166 167 190 
