2308 4676 570 170 158 145 151 160 136 162 119 161 163 134 138 163 
4564 7556 1461 177 152 136 149 170 156 155 156 145 130 133 167 170 
641 1436 520 179 137 145 155 134 124 142 148 168 143 151 170 147 
168 175 177 167 178 205 132 152 140 158 150 136 165 159 155 142 
153 154 173 150 126 143 173 149 149 142 165 130 165 163 143 128 
147 149 150 152 137 156 160 157 146 147 126 143 139 174 150 163 
131 138 146 138 137 136 145 163 146 128 123 155 180 164 168 167 
178 148 143 175 141 131 146 130 161 164 130 136 147 141 136 164 
160 132 135 128 141 160 143 132 133 151 127 160 124 173 150 171 
145 151 148 151 155 118 148 141 145 156 134 163 166 148 146 153 
153 168 152 146 134 150 152 132 148 159 148 161 150 162 149 188 
134 125 160 147 143 153 148 152 146 137 147 152 145 172 170 161 
135 118 141 119 154 145 148 169 158 176 163 157 142 157 162 164 
149 153 155 164 122 141 171 151 153 144 160 167 165 154 170 204 
130 163 142 172 140 153 140 155 174 173 142 141 160 156 151 161 
168 155 168 159 180 169 171 171 183 184 170 144 175 191 179 157 
