940 1087 1050 1091 1038 1007 1080 1114 1044 1073 1087 1081 1056 1080 1129 1051 
973 1097 1127 1078 1085 1078 1082 1108 1155 1143 1108 1161 1074 1067 1119 1031 
1024 1092 1140 1209 1162 1144 1166 1174 1124 1148 1164 1121 1178 1092 1107 1095 
1035 1132 1128 1105 1240 1128 1133 1176 1199 1140 1149 1150 1181 1161 1168 1142 
1034 1080 1087 1088 1180 1166 1224 1169 1212 1131 1198 1136 1209 1120 1125 1080 
1048 1103 1144 1076 1174 1264 1155 1179 1141 1154 1124 1206 1173 1189 1073 1099 
1131 1089 1149 1088 1108 1167 1039 1224 1198 1217 1143 1163 1138 1174 1102 1008 
1039 1101 1143 1145 1207 1237 1164 1169 1258 1271 1207 1201 1183 1143 1126 1083 
1171 1142 1222 1258 1177 1204 1232 1236 1196 1168 1147 1190 1117 1141 1102 1092 
1083 1206 1235 1311 1266 1239 1207 1203 1178 1157 1214 1115 1168 1158 1075 1008 
1200 1287 1332 1353 1287 1224 1169 1228 1195 1201 1264 1118 1150 1144 1115 1043 
1375 1483 1502 1368 1332 1301 1259 1241 1215 1235 1210 1170 1104 1109 1118 1049 
1757 2069 1921 1619 1377 1341 1325 1234 1202 1188 1153 1141 1176 1124 1095 1045 
5416 10833 4633 1906 1584 1377 1253 1158 1196 1157 1221 1137 1153 1063 1110 1004 
30890 49199 10653 2140 1497 1206 1282 1181 1189 1172 1117 1076 1045 1075 1080 981 
16228 30695 5470 1836 1432 1227 1111 1086 1031 1048 1088 1032 1004 1017 946 904 
