167 175 138 147 160 169 167 158 150 152 147 139 162 158 162 149 
157 163 150 156 163 166 134 153 148 149 144 156 152 144 148 163 
247 197 201 157 153 175 151 160 163 153 156 156 163 156 145 196 
2463 6258 678 185 158 146 147 170 144 155 167 191 158 144 170 171 
6571 11609 1546 200 161 153 152 156 135 147 146 148 158 158 172 157 
1603 2537 531 140 148 154 177 171 118 160 142 150 161 161 170 152 
176 169 176 171 167 158 169 158 148 143 154 151 161 155 157 173 
161 139 147 173 165 158 157 161 139 141 164 154 154 147 177 165 
142 159 139 131 148 137 143 144 145 137 138 153 131 171 157 160 
157 150 148 143 156 150 148 164 165 154 146 155 182 162 164 186 
168 150 163 162 147 135 164 148 158 172 127 152 148 163 181 165 
148 172 163 162 177 149 147 146 148 165 145 139 137 183 157 183 
159 157 134 140 167 160 164 150 130 143 169 155 128 144 180 171 
141 172 148 175 145 119 171 158 174 146 173 142 187 150 170 179 
174 147 135 136 168 126 141 166 195 157 152 160 153 183 143 158 
164 158 181 183 148 161 180 165 155 169 170 157 144 187 177 173 
