3771 6251 1346 143 140 141 139 132 158 144 148 156 162 188 141 157 
500 1211 499 155 157 125 170 153 128 152 133 140 137 144 159 164 
187 171 183 152 135 158 168 143 145 159 146 153 140 123 143 160 
159 167 125 153 163 147 129 123 153 139 143 146 145 145 143 155 
136 138 136 156 157 140 165 143 150 166 146 146 156 172 164 152 
142 160 137 156 151 137 163 111 136 145 153 164 152 131 158 158 
154 133 113 115 158 174 146 156 151 134 129 165 144 146 157 146 
153 128 131 146 163 136 129 141 138 150 124 180 144 149 167 168 
180 141 135 144 122 126 160 130 158 150 141 162 153 149 138 177 
154 135 155 133 162 151 162 167 154 151 136 151 146 142 174 155 
156 138 143 166 143 153 150 144 169 157 136 143 145 159 151 158 
165 140 135 131 137 139 148 141 146 130 150 136 148 161 146 199 
161 155 151 144 144 138 173 155 150 166 151 155 152 151 152 174 
153 138 147 157 163 149 129 156 150 174 172 158 155 134 177 177 
156 145 144 146 152 143 156 136 190 149 140 182 168 150 147 166 
177 183 153 183 161 178 161 156 149 189 174 178 174 153 176 187 
