165 165 175 176 160 163 179 159 158 170 173 146 147 189 157 190 
125 148 177 140 158 180 157 175 145 151 163 169 160 126 187 180 
150 151 144 176 177 159 158 155 192 175 155 152 168 149 158 152 
151 164 153 163 154 154 164 152 154 156 154 166 157 151 157 182 
144 156 136 149 148 149 171 151 173 146 155 163 160 155 152 228 
163 141 157 166 146 135 171 177 183 158 170 169 184 150 155 180 
159 157 146 156 167 154 159 133 151 159 146 149 161 141 162 169 
202 156 173 129 137 177 169 147 168 140 174 181 166 160 175 175 
185 202 184 165 169 158 149 167 166 165 152 160 158 172 150 153 
2217 3252 556 167 153 150 142 151 133 172 148 147 147 148 173 164 
7204 12350 1637 166 181 155 173 157 162 173 164 152 169 165 177 180 
2463 6413 666 161 173 159 147 146 164 140 153 163 165 168 153 176 
230 173 161 163 158 142 148 151 136 171 183 168 156 144 174 176 
168 172 161 168 168 160 138 129 162 163 169 160 151 162 165 171 
152 159 146 143 154 152 149 144 146 166 158 160 153 152 162 166 
182 198 141 176 144 172 145 145 170 149 149 160 160 158 152 179 
