15833 30811 5383 1885 1356 1161 1102 1125 1083 1037 1020 1034 1032 993 945 962 
30427 49349 10724 2024 1521 1333 1196 1182 1110 1146 1098 1117 1036 1089 1065 1143 
5401 10734 4662 1892 1430 1348 1214 1196 1146 1176 1130 1161 1126 1185 1151 1075 
1817 2057 1935 1535 1439 1415 1180 1260 1222 1168 1194 1128 1184 1111 1058 1031 
1405 1540 1535 1474 1264 1284 1265 1234 1188 1128 1215 1138 1060 1096 1046 1037 
1266 1289 1288 1291 1307 1191 1250 1213 1182 1145 1202 1209 1133 1156 1120 1087 
1142 1220 1200 1276 1254 1205 1233 1241 1203 1232 1084 1124 1122 1142 1140 1068 
1072 1162 1192 1220 1255 1275 1174 1198 1195 1114 1134 1146 1121 1130 1112 1046 
1060 1131 1158 1171 1190 1242 1163 1187 1193 1172 1198 1204 1161 1166 1024 1071 
1047 1067 1130 1203 1198 1135 1160 1239 1170 1179 1215 1246 1124 1149 1176 1069 
985 1230 1096 1140 1183 1168 1198 1208 1274 1181 1113 1185 1141 1113 1065 1061 
1035 1021 1183 1201 1143 1139 1154 1139 1161 1200 1169 1148 1216 1225 1204 1054 
993 1052 1112 1105 1168 1147 1163 1224 1130 1193 1174 1198 1185 1157 1116 1102 
984 1038 1086 1143 1152 1147 1194 1160 1141 1076 1074 1184 1143 1131 1112 1081 
893 1145 1065 1114 1049 1115 1095 1098 1106 1150 1080 1107 1172 1096 1077 1026 
950 977 1012 1054 1102 1064 1096 1053 1065 1042 1113 1040 1049 1136 1116 1000 
