1026 1059 1052 1083 1009 1126 1065 998 1080 1084 1093 1044 1039 1075 987 1009 
1064 1080 1095 1108 1195 1221 1126 1176 1152 1188 1101 1159 1190 1066 1152 1082 
1081 1173 1185 1298 1242 1237 1205 1194 1190 1279 1192 1166 1145 1133 1182 1031 
1111 1203 1194 1260 1222 1266 1241 1278 1214 1193 1196 1232 1240 1210 1113 1093 
1230 1284 1283 1301 1286 1325 1323 1285 1238 1190 1285 1177 1246 1167 1102 1190 
1228 1349 1403 1369 1358 1349 1310 1358 1296 1282 1213 1246 1232 1191 1129 1052 
1397 1481 1476 1526 1457 1407 1421 1251 1275 1280 1223 1293 1258 1148 1201 1079 
1752 1873 1831 1624 1471 1553 1346 1260 1264 1183 1298 1282 1294 1208 1229 1100 
2517 2745 2320 1940 1681 1480 1412 1371 1306 1308 1248 1235 1237 1259 1200 1131 
15565 23144 5527 2343 1725 1600 1419 1360 1333 1331 1280 1247 1239 1199 1175 1126 
46662 79458 13101 2694 1822 1570 1426 1356 1320 1329 1260 1176 1184 1200 1175 1137 
18272 43241 6792 2377 1756 1577 1404 1272 1277 1193 1267 1252 1200 1241 1115 1054 
2952 3226 2536 2052 1656 1397 1404 1311 1246 1229 1301 1226 1245 1178 1181 1058 
1842 2014 1793 1676 1605 1395 1333 1232 1242 1280 1241 1164 1110 1197 1151 1144 
1477 1543 1508 1423 1372 1328 1249 1184 1146 1168 1186 1196 1189 1112 1116 1091 
1180 1321 1255 1193 1197 1118 1143 1153 1172 1105 1015 1050 1025 1068 1016 1059 
