1701 1695 1655 1466 1275 1205 1158 1121 1055 1095 1124 1020 1064 1106 978 1050 
3339 3212 2344 1687 1530 1306 1278 1224 1194 1256 1166 1146 1092 1156 1072 1004 
16657 38006 6575 2264 1649 1429 1355 1225 1251 1210 1214 1222 1160 1162 1114 1104 
40004 67745 12517 2459 1732 1450 1410 1331 1253 1267 1215 1230 1138 1206 1112 1046 
9123 15378 5236 2149 1667 1534 1404 1256 1195 1219 1335 1171 1199 1220 1128 1162 
2143 2359 2200 1766 1579 1357 1277 1281 1278 1256 1243 1250 1151 1145 1129 1041 
1592 1693 1651 1570 1460 1381 1283 1266 1233 1227 1200 1214 1164 1173 1108 1086 
1308 1452 1448 1381 1344 1312 1264 1197 1264 1178 1196 1238 1180 1194 1151 1070 
1164 1329 1366 1317 1279 1235 1234 1165 1242 1249 1206 1195 1144 1213 1136 1083 
1200 1218 1282 1331 1188 1245 1262 1238 1205 1195 1169 1204 1202 1272 1141 1132 
1074 1153 1277 1244 1133 1252 1177 1273 1189 1223 1177 1196 1156 1171 1141 1079 
1073 1120 1169 1216 1162 1187 1183 1195 1159 1268 1208 1251 1155 1167 1224 1089 
1040 1158 1193 1250 1209 1127 1217 1207 1137 1184 1159 1270 1183 1104 1166 1085 
1088 1088 1141 1180 1119 1193 1225 1202 1200 1160 1230 1177 1168 1139 1086 1138 
1067 1058 1098 1116 1154 1067 1208 1137 1147 1087 1099 1097 1064 1119 1132 1094 
937 1072 1058 1073 1095 1021 1067 1061 1136 1136 1151 1098 1058 1044 1044 1023 
