972 1041 1120 1098 1022 1097 1040 1156 1076 1059 1091 1122 1096 1082 1061 993 
1053 1037 1098 1115 1145 1232 1111 1193 1156 1092 1135 1154 1207 1207 1071 1022 
986 1073 1156 1162 1162 1269 1212 1190 1232 1224 1206 1152 1197 1153 1106 1076 
1087 1135 1148 1165 1239 1217 1160 1332 1184 1197 1290 1243 1142 1163 1157 1070 
1079 1124 1192 1200 1232 1195 1161 1204 1308 1289 1182 1158 1157 1123 1086 1063 
1073 1097 1165 1209 1260 1181 1260 1209 1212 1244 1220 1173 1158 1234 1141 1093 
1175 1187 1234 1307 1219 1262 1212 1281 1293 1221 1338 1275 1215 1158 1198 1117 
1235 1233 1265 1248 1353 1321 1269 1212 1233 1252 1185 1201 1185 1157 1148 1077 
1250 1358 1402 1301 1308 1319 1257 1263 1338 1242 1199 1184 1251 1248 1138 1139 
1353 1431 1407 1480 1452 1366 1268 1274 1246 1218 1318 1178 1209 1189 1198 1158 
1468 1659 1740 1748 1604 1544 1361 1287 1313 1295 1212 1261 1176 1229 1164 1176 
1811 2227 2328 2155 1857 1569 1440 1311 1215 1179 1185 1222 1193 1129 1157 1134 
2393 7837 13235 5056 2118 1664 1433 1330 1316 1313 1210 1207 1132 1169 1152 1116 
3890 42165 68031 13213 2465 1750 1471 1327 1318 1221 1163 1179 1150 1120 1057 1045 
4048 18435 42370 8048 2163 1751 1480 1242 1216 1225 1097 1138 1137 1154 1126 954 
2232 3763 3795 2325 1857 1456 1356 1149 1135 1154 1065 1071 1060 1040 1121 971 
