168 168 182 149 157 174 188 136 183 167 164 163 143 160 143 176 
157 154 169 165 167 170 147 188 150 135 157 163 144 147 147 162 
188 175 162 144 168 132 166 152 143 182 138 133 142 164 163 165 
179 207 176 155 139 162 143 154 168 167 181 162 148 155 163 172 
283 2427 7697 905 166 184 187 169 168 151 156 171 144 145 169 176 
418 7538 14397 2233 188 159 163 164 134 153 178 148 161 145 173 189 
213 2374 4225 623 173 156 172 167 159 131 145 155 156 165 155 168 
171 157 212 172 185 157 165 158 164 156 131 135 154 166 155 179 
194 149 173 144 150 157 170 150 144 160 154 158 155 141 153 172 
158 147 155 161 177 165 146 168 151 139 164 171 154 176 163 174 
181 163 152 145 194 154 160 148 176 146 162 138 180 165 189 190 
161 163 167 138 157 158 146 145 143 176 157 149 154 149 167 196 
161 155 148 170 161 167 176 159 150 137 157 165 151 178 170 157 
142 156 148 160 136 186 149 151 146 167 161 144 170 152 152 167 
164 154 143 161 149 164 155 177 166 185 144 148 169 143 147 169 
168 168 187 166 183 148 188 168 189 154 166 160 174 170 162 164 
