167 165 162 167 163 190 170 155 187 182 165 177 158 163 188 170 
162 145 175 146 141 151 178 147 158 159 177 131 168 148 163 151 
136 157 138 152 166 158 136 165 191 144 172 173 170 173 152 160 
155 165 169 146 156 145 175 169 158 154 149 174 162 157 171 162 
149 163 152 133 151 145 142 156 161 162 160 144 145 136 146 176 
139 151 162 154 161 165 166 135 147 142 142 159 171 148 154 182 
155 167 155 136 158 144 150 155 163 147 148 146 169 139 198 187 
141 158 156 140 151 152 137 135 137 145 152 172 144 147 181 160 
150 146 175 158 155 170 149 140 151 171 138 135 143 168 155 160 
154 137 161 149 138 148 148 161 161 159 146 149 169 132 156 171 
154 156 128 167 158 148 156 154 153 168 156 170 143 169 168 149 
195 148 136 187 162 171 138 159 164 157 158 150 156 154 178 145 
174 148 166 150 176 136 149 176 144 168 132 157 155 144 158 162 
183 652 1412 495 161 150 133 138 144 154 161 134 146 138 167 178 
322 5400 9018 1619 181 132 194 133 139 164 118 130 174 134 153 173 
418 2457 5766 752 180 144 176 170 148 147 140 156 140 151 126 172 
