152 153 171 155 156 128 157 155 182 147 148 170 162 163 172 171 
144 135 141 140 158 157 168 146 174 158 152 150 154 165 170 190 
155 166 166 138 161 176 151 185 164 195 157 152 154 165 152 179 
164 155 161 158 189 142 152 137 138 155 155 151 152 159 153 148 
174 172 184 191 162 149 164 171 173 137 151 145 151 156 155 176 
300 2583 7758 783 169 187 150 176 147 139 153 166 172 144 170 153 
442 7696 14773 2174 180 134 162 154 145 141 134 158 164 163 183 176 
264 2615 5352 590 178 175 139 145 148 168 165 167 173 159 152 151 
165 177 187 156 173 133 164 147 173 175 153 162 168 151 185 158 
200 215 166 166 163 162 165 157 153 153 165 184 163 177 175 167 
171 181 155 169 169 183 151 143 150 158 174 175 177 149 160 202 
154 165 164 158 163 169 174 169 152 145 160 164 155 159 176 167 
163 150 142 164 175 144 131 171 139 159 154 129 161 160 156 165 
133 146 138 155 148 168 135 156 155 155 156 153 173 190 173 184 
156 176 151 166 163 168 173 152 172 147 186 166 174 176 156 182 
164 168 174 190 159 173 159 143 164 179 178 178 164 183 156 193 
