1111 1152 1172 1238 1185 1223 1271 1222 1154 1187 1101 1071 1144 1130 1091 1037 
1208 1324 1278 1340 1267 1378 1265 1251 1232 1213 1195 1175 1144 1085 1088 1100 
1267 1406 1480 1524 1446 1381 1353 1217 1256 1267 1280 1285 1134 1119 1085 1144 
1447 1650 1705 1714 1595 1533 1369 1393 1265 1360 1285 1151 1176 1159 1180 1135 
1788 2061 2178 2029 1792 1694 1533 1393 1356 1322 1279 1203 1209 1136 1206 1082 
2320 3176 3570 2885 2193 1803 1607 1414 1385 1339 1348 1258 1218 1258 1201 1163 
3602 19578 49566 7732 2844 1971 1710 1542 1427 1387 1335 1299 1170 1213 1190 1170 
5055 50736 96805 18044 3001 1972 1723 1472 1429 1306 1232 1251 1283 1215 1159 1155 
3449 19436 44412 7213 2750 1997 1726 1523 1382 1388 1314 1229 1210 1162 1150 1116 
2430 3205 3301 2864 2208 1822 1628 1532 1370 1329 1321 1173 1204 1281 1228 1147 
1791 2017 2113 1999 1844 1741 1528 1445 1309 1323 1341 1283 1237 1211 1204 1150 
1477 1660 1623 1658 1592 1472 1447 1295 1406 1290 1328 1333 1268 1195 1222 1119 
1295 1455 1460 1473 1436 1363 1335 1262 1263 1261 1230 1265 1137 1172 1172 1159 
1194 1339 1356 1336 1296 1343 1309 1293 1170 1200 1259 1205 1177 1174 1160 1076 
1132 1190 1265 1263 1248 1255 1271 1194 1188 1266 1158 1171 1156 1141 1095 1044 
1019 1192 1157 1208 1132 1159 1164 1099 1098 1051 1113 1143 1097 1047 1000 999 
