997 1037 1100 1088 1063 1105 1144 1064 1145 1102 1069 1124 1087 1095 1071 1024 
1027 1021 1187 1117 1081 1142 1187 1145 1120 1179 1166 1144 1130 1126 1123 992 
983 1126 1209 1089 1238 1174 1125 1200 1202 1188 1192 1208 1133 1144 1125 1019 
1053 1132 1208 1167 1218 1182 1161 1227 1239 1220 1175 1227 1186 1114 1063 1075 
1045 1137 1104 1151 1174 1230 1154 1211 1180 1248 1164 1177 1193 1181 1067 1066 
1049 1130 1208 1165 1274 1165 1242 1236 1246 1201 1232 1301 1231 1157 1139 1100 
1021 1139 1147 1191 1201 1239 1225 1198 1236 1246 1189 1248 1198 1188 1200 1096 
1137 1156 1253 1247 1188 1256 1231 1180 1204 1206 1248 1147 1168 1222 1163 1122 
1132 1206 1305 1309 1337 1290 1217 1191 1182 1242 1196 1155 1171 1075 1121 1088 
1151 1222 1321 1340 1361 1307 1237 1286 1237 1218 1237 1128 1169 1130 1159 1047 
1239 1343 1348 1440 1384 1329 1301 1212 1248 1220 1200 1211 1195 1121 1138 1080 
1450 1557 1546 1605 1522 1369 1226 1260 1261 1213 1253 1178 1188 1182 1159 990 
1693 2028 2288 2024 1752 1492 1335 1288 1259 1219 1177 1153 1150 1113 1121 1024 
2139 6027 10822 4468 1973 1559 1413 1339 1204 1248 1242 1154 1126 1103 1049 1064 
3308 35605 57228 12134 2203 1577 1451 1256 1240 1230 1121 1105 1172 1125 1001 948 
3716 17692 37628 6857 1937 1464 1390 1244 1106 1076 1109 1039 1028 1085 921 1000 
