2365 26760 46340 10586 1753 1337 1189 1149 1068 1073 1069 962 987 1025 968 975 
1672 4640 9284 4267 1730 1360 1183 1146 1144 1121 1099 1012 1084 1082 1012 1042 
1442 1638 1956 1796 1460 1310 1227 1231 1173 1130 1049 1110 1168 1106 1079 1059 
1258 1429 1502 1444 1374 1334 1207 1159 1146 1119 1184 1104 1059 1096 1114 1077 
1145 1299 1322 1345 1261 1291 1173 1229 1174 1164 1186 1143 1169 1104 1123 1075 
1091 1136 1278 1243 1218 1228 1233 1146 1202 1193 1166 1057 1115 1136 1091 1052 
1071 1155 1215 1232 1167 1146 1230 1195 1152 1094 1125 1177 1198 1162 1059 1034 
960 1080 1199 1228 1182 1168 1248 1193 1167 1195 1183 1131 1196 1112 1133 1055 
1045 1118 1203 1197 1180 1162 1171 1155 1219 1133 1184 1200 1149 1182 1081 1113 
1006 1085 1158 1135 1210 1118 1199 1139 1182 1108 1181 1273 1166 1153 1159 1062 
992 1026 1147 1229 1069 1168 1226 1176 1120 1177 1161 1092 1147 1068 1069 1128 
1009 1109 1090 1158 1166 1169 1218 1245 1073 1229 1134 1156 1213 1187 1170 1063 
1015 1060 1119 1135 1125 1128 1148 1159 1168 1192 1117 1154 1152 1162 1088 1060 
995 1091 1151 1090 1249 1176 1161 1162 1136 1155 1120 1126 1178 1126 1090 1028 
969 1004 1081 1117 1097 1082 1142 1126 1086 1141 1104 1096 1055 1118 1033 1003 
956 1050 1087 1053 1060 1011 1098 1090 1060 1087 1140 1055 1123 1058 1000 1006 
