1592 1849 1974 1790 1573 1438 1280 1262 1115 1090 1107 1035 1092 1105 1000 1027 
2191 3726 3816 2606 1952 1663 1474 1326 1293 1152 1194 1168 1221 1114 1150 1026 
3971 18985 47266 8427 2470 1772 1523 1429 1242 1282 1183 1234 1219 1137 1097 1126 
4252 47490 78303 14459 2662 1786 1552 1407 1297 1280 1242 1253 1111 1213 1175 1057 
2727 10788 16559 5653 2365 1830 1572 1458 1371 1205 1236 1276 1178 1225 1085 1127 
1997 2459 2649 2333 1952 1600 1498 1401 1327 1323 1235 1202 1224 1205 1099 1151 
1604 1700 1828 1874 1653 1523 1396 1282 1267 1263 1272 1249 1271 1160 1143 1144 
1349 1449 1603 1611 1513 1490 1432 1263 1254 1254 1242 1244 1186 1203 1196 1167 
1221 1327 1360 1438 1407 1435 1407 1361 1300 1247 1265 1185 1172 1159 1179 1098 
1191 1246 1329 1350 1299 1341 1292 1376 1272 1253 1262 1141 1205 1235 1224 1074 
1102 1253 1265 1254 1256 1224 1279 1360 1258 1291 1217 1254 1197 1150 1212 1066 
1057 1197 1155 1222 1169 1207 1251 1256 1238 1262 1145 1205 1199 1091 1213 1082 
1057 1119 1227 1226 1189 1258 1233 1245 1266 1237 1169 1257 1260 1199 1203 1115 
1035 1122 1262 1110 1209 1228 1219 1245 1147 1115 1186 1182 1249 1153 1205 1101 
1080 1097 1182 1145 1184 1235 1152 1174 1090 1137 1203 1148 1162 1108 1177 1128 
1012 1056 1077 1077 1178 1115 1141 1153 1145 1097 1081 1115 1060 1116 1062 1046 
