2133 3910 3799 2474 1750 1425 1246 1249 1119 1067 1131 1045 1013 1037 995 979 
3740 17586 41607 8024 2269 1759 1446 1340 1217 1187 1233 1168 1058 1071 1094 1068 
3735 41340 69143 13600 2434 1829 1504 1316 1289 1284 1207 1204 1197 1091 1183 1004 
2364 7729 13536 5286 2158 1706 1515 1389 1290 1236 1219 1129 1202 1170 1087 1072 
1756 2190 2446 2211 1832 1604 1464 1288 1354 1208 1189 1197 1208 1137 1140 1104 
1486 1711 1709 1657 1509 1444 1353 1326 1237 1225 1228 1215 1152 1206 1170 1105 
1284 1404 1452 1420 1419 1370 1338 1286 1233 1263 1271 1215 1205 1178 1183 1154 
1251 1287 1322 1421 1294 1337 1406 1269 1255 1252 1348 1198 1230 1194 1132 1110 
1161 1260 1264 1207 1320 1229 1272 1213 1205 1250 1233 1182 1129 1130 1132 1036 
1056 1175 1266 1234 1292 1206 1221 1238 1241 1232 1274 1170 1195 1193 1195 1057 
1033 1118 1260 1203 1251 1191 1176 1237 1273 1201 1251 1131 1244 1216 1109 1099 
1101 1150 1163 1237 1122 1163 1207 1162 1276 1235 1252 1218 1214 1202 1122 1076 
1047 1172 1232 1241 1184 1160 1234 1134 1204 1144 1173 1108 1275 1127 1155 1058 
1090 1103 1089 1170 1138 1258 1174 1179 1180 1158 1163 1197 1156 1171 1170 1116 
1061 1090 1128 1176 1176 1224 1181 1166 1160 1187 1185 1166 1084 1182 1046 1089 
1018 1038 1101 1070 1109 1044 1084 1079 1130 1120 1106 1100 1106 1114 1153 1107 
