365 2387 5747 833 164 150 128 172 153 145 158 148 133 130 153 165 
325 5358 8987 1626 163 157 136 165 163 139 117 150 134 174 167 143 
172 645 1445 526 146 157 168 144 153 136 158 164 160 142 138 167 
150 164 166 188 149 170 149 139 146 147 135 167 174 168 146 163 
157 127 151 152 148 151 141 143 155 150 159 143 144 143 166 146 
146 164 148 138 148 149 189 157 134 166 144 140 149 149 149 156 
166 130 145 128 146 160 167 169 147 144 125 147 152 145 184 153 
168 132 160 167 134 130 136 134 152 145 135 158 167 148 155 177 
160 182 176 132 152 140 152 139 144 146 147 171 141 165 181 146 
165 166 157 142 165 145 156 132 150 151 158 152 169 180 153 153 
160 119 155 166 142 143 161 151 158 150 175 168 153 163 155 183 
140 147 146 172 154 152 175 169 148 148 162 159 166 147 161 154 
154 153 157 137 158 138 145 167 162 140 146 163 174 149 161 168 
161 150 140 139 166 157 181 163 159 158 177 178 182 160 161 159 
164 157 173 152 156 167 164 143 144 168 132 152 165 157 163 169 
130 160 176 164 148 157 161 184 148 188 181 185 198 168 162 180 
