1065 1099 1107 1121 1211 1128 1114 1074 1130 1102 1126 1165 1105 1191 1083 1050 
1148 1231 1218 1280 1296 1335 1250 1251 1233 1211 1184 1160 1188 1153 1126 1103 
1171 1254 1313 1328 1372 1295 1327 1300 1252 1259 1294 1231 1207 1252 1112 1168 
1392 1442 1481 1494 1397 1388 1372 1350 1273 1267 1247 1191 1230 1175 1139 1058 
1509 1577 1724 1793 1656 1477 1449 1395 1289 1315 1271 1242 1182 1201 1191 1142 
1807 2007 2191 2100 1839 1614 1520 1467 1276 1224 1330 1334 1267 1163 1161 1115 
2267 3187 3420 2844 2283 1908 1569 1407 1349 1275 1285 1234 1267 1245 1171 1120 
3338 20542 44511 7139 2705 1997 1619 1524 1356 1304 1359 1262 1236 1264 1211 1097 
5328 52288 96204 17392 3023 2063 1712 1511 1352 1335 1299 1249 1283 1229 1236 1127 
3559 20237 49632 7531 2718 1922 1600 1416 1507 1317 1283 1341 1277 1176 1256 1111 
2406 3070 3620 2938 2157 1834 1538 1428 1351 1366 1342 1241 1253 1258 1185 1116 
1742 2089 2243 2064 1881 1607 1475 1402 1363 1314 1285 1220 1263 1239 1133 1151 
1484 1674 1759 1689 1590 1570 1395 1292 1335 1272 1250 1253 1124 1161 1189 1157 
1393 1464 1410 1387 1383 1362 1321 1289 1288 1244 1179 1234 1169 1215 1123 1136 
1202 1228 1322 1335 1310 1278 1306 1269 1285 1210 1250 1195 1163 1192 1136 1055 
1135 1188 1196 1251 1192 1194 1114 1150 1186 1115 1048 1163 1046 1123 1100 1019 
