168 122 173 151 158 166 139 157 135 139 165 169 134 141 154 174 
149 152 147 159 146 153 142 169 172 158 163 144 146 147 172 161 
173 231 220 182 163 166 167 174 174 162 136 161 161 148 162 153 
328 2288 7428 979 168 166 167 150 171 165 143 140 159 162 138 161 
424 7084 13532 2053 187 156 181 150 165 144 179 157 171 160 166 168 
199 2013 3165 546 142 180 170 184 163 161 153 156 156 178 167 166 
182 169 185 154 172 156 189 154 165 140 153 167 153 179 152 140 
150 146 169 147 155 167 163 153 154 184 156 170 158 165 175 168 
145 162 155 165 153 162 152 161 159 148 139 179 161 154 171 168 
182 148 153 148 148 148 164 140 141 151 143 165 176 173 180 175 
156 165 146 140 156 140 158 151 152 151 153 169 170 153 146 195 
153 142 152 171 139 153 143 167 169 131 164 180 156 143 154 162 
150 139 138 167 174 130 160 157 159 166 148 153 158 167 174 180 
135 161 146 128 164 157 174 159 126 160 154 161 133 152 167 191 
147 151 172 180 159 147 142 166 156 151 166 169 194 166 167 156 
128 154 167 160 170 159 176 181 173 175 161 155 170 162 173 205 
