942 1006 1085 1012 1065 1094 1091 1037 1144 1111 1084 1155 1115 1087 1004 949 
990 1069 1011 1066 1059 1117 1089 1142 1137 1097 1073 1155 1102 1154 1115 1076 
993 1059 1118 1067 1148 1164 1137 1162 1131 1212 1106 1221 1175 1086 1101 959 
1027 1038 1098 1160 1198 1150 1118 1220 1159 1184 1183 1169 1142 1110 1071 1033 
1015 1081 1191 1114 1131 1167 1175 1190 1121 1241 1175 1192 1061 1129 1110 1081 
1001 1108 1161 1200 1174 1147 1124 1146 1217 1121 1156 1118 1112 1101 1112 1063 
1072 1112 1100 1179 1156 1158 1159 1204 1193 1219 1143 1197 1135 1197 1147 1114 
1039 1087 1101 1232 1207 1208 1160 1224 1225 1124 1118 1125 1144 1124 1152 1074 
1066 1135 1228 1148 1174 1191 1222 1235 1150 1157 1171 1205 1203 1135 1116 1079 
1072 1127 1195 1174 1185 1134 1147 1211 1109 1214 1180 1194 1220 1118 1052 1028 
1066 1203 1253 1252 1264 1203 1193 1144 1276 1240 1187 1147 1118 1100 1130 1069 
1131 1248 1259 1260 1259 1227 1210 1163 1190 1147 1181 1184 1162 1204 1092 1062 
1234 1354 1429 1366 1377 1258 1252 1207 1165 1262 1183 1101 1133 1158 1109 999 
1321 1706 1913 1844 1430 1276 1297 1212 1229 1134 1111 1146 1084 1132 1071 1031 
1648 4747 9655 4446 1698 1329 1252 1192 1076 1132 1092 1097 1061 981 1022 1038 
2271 26258 46716 10675 1654 1305 1164 1099 1139 1033 973 988 1018 1000 990 903 
