203 337 293 174 162 157 153 156 146 136 163 148 129 151 147 163 
385 2419 6273 943 153 182 148 164 158 157 161 178 146 133 141 197 
323 6341 10650 1760 174 159 176 129 150 162 158 153 132 175 188 150 
196 852 1747 587 163 180 150 169 138 164 151 160 144 145 158 184 
158 164 155 187 133 145 157 143 160 148 133 155 166 152 173 172 
150 150 173 158 154 140 127 152 151 176 132 134 136 144 170 147 
168 144 133 159 148 157 134 161 141 152 147 135 159 158 166 162 
154 160 155 165 146 165 167 170 150 155 170 141 150 154 126 165 
169 164 153 144 180 139 159 145 151 162 148 140 155 126 171 150 
139 143 149 154 158 154 151 140 171 128 173 131 145 168 131 153 
143 140 178 146 147 175 154 159 142 152 144 134 173 160 151 155 
167 131 138 139 152 140 147 146 180 162 170 131 162 160 162 155 
151 182 141 166 120 151 162 157 170 142 137 145 171 133 192 163 
155 154 124 144 150 164 165 147 151 159 142 158 154 165 148 152 
151 168 138 164 188 163 149 147 175 157 170 141 157 171 167 187 
152 176 158 150 159 171 174 164 177 173 172 184 176 184 193 196 
