181 177 154 150 181 170 171 175 175 163 163 170 157 163 181 173 
172 129 160 149 187 186 159 149 146 167 165 150 157 172 142 165 
136 175 171 160 160 159 175 168 180 164 168 146 165 156 161 185 
159 167 144 188 154 158 165 174 177 171 169 159 158 170 190 186 
159 180 159 150 151 147 136 182 150 166 148 163 152 152 168 189 
154 160 166 166 185 149 165 160 146 154 161 156 136 152 136 152 
146 150 128 154 153 161 168 189 155 161 154 132 172 156 174 162 
145 156 148 139 154 168 145 158 135 157 158 160 126 157 155 179 
195 148 182 152 156 191 166 157 161 179 156 146 142 155 166 197 
212 2371 4162 599 180 153 167 150 148 155 150 146 154 164 167 168 
424 7596 14321 2062 178 145 174 133 168 153 138 187 157 155 167 180 
308 2304 7792 865 179 143 171 153 161 163 126 176 166 168 170 148 
156 211 193 177 151 174 149 145 131 146 125 168 164 182 136 167 
145 172 151 163 153 156 164 175 151 130 140 173 169 133 186 178 
166 171 175 133 167 147 149 166 143 181 153 153 155 184 172 174 
150 185 162 154 189 151 152 176 165 170 174 155 142 157 139 168 
