3566 17404 37768 6805 2038 1538 1289 1249 1137 1078 1064 1085 996 1011 1021 1043 
3292 35195 57364 12214 2222 1550 1311 1252 1186 1165 1127 1104 1120 1150 1138 1043 
2212 6151 11174 4920 1973 1563 1378 1336 1227 1136 1192 1134 1268 1162 1127 1103 
1804 2106 2280 2060 1711 1474 1392 1263 1243 1203 1183 1171 1189 1175 1109 1033 
1439 1595 1570 1641 1490 1441 1292 1232 1236 1237 1200 1201 1183 1119 1092 1038 
1274 1349 1426 1329 1263 1319 1348 1285 1138 1240 1135 1183 1203 1169 1162 1032 
1150 1260 1285 1365 1192 1310 1278 1312 1228 1177 1134 1171 1213 1121 1171 1067 
1122 1133 1267 1297 1231 1227 1211 1196 1170 1277 1212 1151 1216 1155 1192 1085 
1039 1224 1202 1198 1253 1178 1216 1171 1201 1201 1218 1162 1165 1156 1172 1029 
1169 1178 1205 1206 1235 1257 1231 1216 1249 1154 1210 1192 1173 1210 1186 1040 
1117 1101 1201 1165 1223 1206 1186 1222 1190 1184 1306 1194 1209 1212 1145 1116 
1089 1166 1192 1132 1188 1183 1205 1205 1169 1199 1161 1160 1236 1148 1121 1091 
1045 1136 1129 1128 1168 1150 1220 1215 1185 1192 1165 1182 1173 1142 1092 1072 
1066 1089 1145 1159 1159 1149 1143 1164 1133 1203 1181 1168 1139 1178 1140 1066 
976 1104 1089 1159 1110 1066 1112 1160 1134 1172 1116 1084 1140 1110 1142 1058 
952 1106 1083 1105 1081 1100 1104 1092 1049 1054 1058 1079 1067 1053 1019 1067 
