163 164 157 147 156 179 162 146 166 160 179 174 171 180 184 201 
157 156 169 185 173 184 185 140 161 142 178 155 171 155 164 189 
155 162 151 157 153 158 157 129 156 149 176 161 168 194 171 188 
162 183 159 174 159 171 144 156 168 152 159 144 168 153 140 155 
169 164 169 138 167 162 173 151 140 158 156 149 149 176 169 175 
165 157 166 180 169 163 127 186 158 153 146 174 172 153 172 172 
176 199 193 187 154 159 135 148 178 173 147 140 164 168 166 143 
214 2671 6714 656 140 176 171 142 169 169 158 146 160 166 159 177 
488 7658 14795 2184 189 165 154 150 177 157 175 160 167 156 159 180 
265 2656 7432 750 187 154 163 144 170 143 157 161 175 160 162 160 
214 164 179 178 166 157 135 146 134 154 157 147 181 178 177 141 
157 155 159 192 146 134 164 145 161 177 143 140 149 164 158 171 
180 172 170 170 154 168 159 166 158 166 154 157 148 152 161 173 
178 153 165 151 163 150 142 179 164 158 167 167 162 175 163 193 
151 154 153 168 147 147 161 153 178 156 165 144 166 149 181 179 
178 160 166 140 162 166 152 169 203 147 148 190 168 157 198 156 
