981 1125 1035 1109 1177 1139 1121 1203 1080 1126 1066 1105 1019 1081 1029 1096 
1072 1070 1152 1128 1261 1210 1205 1200 1163 1213 1173 1231 1188 1191 1147 1083 
1135 1264 1300 1357 1306 1286 1303 1240 1228 1236 1173 1171 1208 1202 1089 1011 
1222 1312 1344 1370 1311 1281 1394 1249 1267 1262 1242 1195 1178 1251 1095 1066 
1301 1459 1460 1443 1470 1417 1468 1339 1354 1258 1218 1292 1191 1213 1170 1164 
1460 1582 1595 1655 1546 1444 1376 1412 1320 1296 1315 1257 1213 1168 1205 1120 
1793 2004 2195 2021 1830 1571 1478 1416 1375 1384 1297 1335 1273 1194 1221 1094 
2268 3063 3320 2815 2207 1788 1575 1535 1391 1326 1250 1253 1212 1229 1111 1153 
3129 19459 38043 6857 2672 1973 1671 1477 1392 1307 1277 1217 1233 1192 1135 1153 
5058 50239 95839 17709 3028 2039 1676 1522 1372 1300 1293 1279 1218 1264 1162 1136 
3722 19110 51977 8368 2765 2062 1605 1519 1328 1359 1345 1223 1246 1314 1184 1165 
2367 3227 3495 2928 2325 1791 1526 1398 1337 1350 1298 1295 1236 1246 1216 1099 
1851 2171 2196 2085 1792 1522 1483 1419 1359 1307 1223 1337 1195 1243 1156 1128 
1441 1589 1712 1649 1585 1498 1406 1375 1262 1199 1265 1239 1192 1125 1191 1122 
1320 1370 1423 1385 1389 1357 1263 1245 1219 1146 1134 1203 1209 1181 1092 1057 
1065 1274 1278 1191 1202 1206 1235 1190 1152 1129 1105 1147 1162 1060 1044 1049 
