1182 1207 1244 1268 1243 1253 1168 1115 1187 1066 1071 1111 1028 1032 1096 1095 
1357 1446 1426 1461 1389 1309 1353 1246 1244 1216 1220 1274 1147 1108 1142 1118 
1474 1702 1719 1623 1565 1513 1406 1433 1299 1238 1232 1214 1245 1184 1171 1144 
1767 2069 2189 2000 1829 1611 1443 1363 1383 1320 1311 1259 1170 1164 1078 1046 
2283 3118 3487 2943 2150 1818 1658 1464 1432 1306 1278 1210 1223 1170 1129 1074 
3731 19384 52013 8203 2667 1964 1703 1556 1383 1319 1291 1261 1203 1166 1134 1094 
5106 51654 95103 17264 2970 1990 1638 1432 1438 1329 1298 1232 1286 1237 1143 1095 
3276 19762 37014 6796 2750 1934 1656 1418 1347 1376 1279 1310 1178 1258 1199 1063 
2302 2987 3383 2680 2103 1797 1544 1453 1367 1390 1305 1260 1308 1153 1261 1091 
1762 2035 2117 1942 1786 1636 1543 1395 1354 1290 1335 1347 1271 1222 1126 1115 
1529 1731 1647 1661 1605 1540 1430 1314 1266 1307 1345 1293 1305 1124 1217 1134 
1313 1405 1466 1408 1429 1398 1396 1345 1320 1295 1232 1219 1277 1215 1193 1162 
1241 1316 1348 1405 1336 1359 1298 1280 1320 1294 1294 1214 1260 1221 1146 1110 
1172 1221 1240 1286 1294 1331 1287 1330 1229 1260 1251 1241 1258 1233 1202 1122 
1066 1239 1240 1257 1243 1165 1210 1232 1185 1103 1236 1169 1217 1150 1101 1066 
1058 1018 1126 1143 1113 1200 1118 1134 1119 1126 1070 1118 1104 1115 1045 1055 
