931 1046 1066 1060 1110 1100 1123 1103 1081 1126 1076 1076 1123 1026 1052 1003 
1020 1071 1108 1135 1143 1176 1139 1212 1127 1139 1221 1100 1122 1173 1173 1072 
1063 1084 1125 1181 1239 1255 1238 1254 1258 1227 1260 1201 1225 1203 1136 1083 
1117 1191 1209 1182 1201 1270 1238 1225 1239 1250 1208 1171 1180 1115 1113 1117 
1157 1183 1214 1209 1248 1174 1285 1208 1205 1201 1254 1254 1246 1204 1140 1106 
1152 1280 1230 1221 1316 1344 1261 1252 1271 1224 1236 1205 1236 1180 1182 1128 
1192 1264 1324 1297 1362 1239 1262 1284 1272 1268 1254 1272 1262 1253 1221 1093 
1255 1414 1378 1346 1408 1339 1313 1287 1305 1292 1237 1260 1169 1245 1263 1082 
1427 1518 1616 1467 1543 1410 1376 1364 1311 1265 1312 1296 1197 1189 1198 1209 
1507 1736 1897 1752 1635 1469 1342 1366 1334 1248 1149 1287 1187 1205 1219 1185 
1944 2442 2585 2322 1957 1625 1494 1471 1352 1251 1316 1249 1236 1177 1150 1123 
2670 10623 16515 5594 2261 1712 1580 1494 1330 1303 1276 1209 1204 1207 1199 1105 
4241 47355 77240 14311 2698 1818 1549 1402 1355 1269 1270 1214 1189 1163 1132 1106 
3937 18995 47063 8414 2453 1814 1481 1384 1277 1219 1227 1205 1195 1150 1160 1144 
2192 3632 3722 2647 2020 1644 1469 1369 1223 1237 1263 1179 1186 1189 1134 1066 
1614 1763 1925 1786 1564 1347 1356 1205 1126 1127 1147 1030 1079 1041 1078 1004 
