165 161 149 181 173 165 181 142 173 181 178 173 167 180 148 198 
134 153 150 156 142 165 150 185 152 132 167 158 140 179 177 168 
147 148 161 161 149 153 188 157 166 162 165 170 159 183 179 157 
168 160 179 161 150 182 159 142 156 158 152 173 157 146 143 170 
158 155 178 177 140 152 160 176 175 159 166 190 163 141 161 159 
169 141 148 150 152 139 148 135 163 148 164 143 146 173 147 182 
175 142 173 160 151 139 156 138 167 151 171 164 178 169 157 172 
166 171 151 146 149 151 179 154 152 153 144 144 129 174 155 190 
162 180 151 156 161 158 141 139 181 153 163 151 161 162 167 173 
142 178 169 138 157 179 142 150 170 163 155 172 167 153 164 174 
149 169 180 194 186 138 162 163 167 180 181 147 124 157 143 165 
208 1314 2142 549 169 145 130 169 163 146 124 150 151 149 159 168 
369 7186 12163 1849 174 147 146 148 164 143 168 171 144 116 151 180 
360 2576 7102 930 156 163 158 136 152 138 140 154 174 152 162 165 
184 299 268 163 169 168 163 167 169 163 159 166 170 152 140 165 
171 171 139 154 153 172 168 157 164 157 175 144 162 147 160 155 
