153 162 158 166 169 163 168 201 152 187 168 156 146 147 174 200 
154 157 138 169 183 153 164 164 174 169 155 176 163 171 165 173 
165 192 154 167 159 172 158 170 163 149 137 135 172 166 165 155 
152 173 163 151 149 148 159 153 154 159 154 154 159 157 157 150 
153 146 178 168 166 152 163 158 149 164 136 166 167 150 162 171 
171 137 150 125 173 141 180 160 153 165 164 146 138 160 193 184 
175 177 164 137 172 169 180 173 156 156 155 160 148 137 182 184 
189 191 194 157 157 153 151 150 162 168 163 165 172 157 162 175 
225 2516 5552 593 196 152 179 146 155 152 172 141 149 177 156 209 
409 7446 15082 2255 185 165 195 179 158 167 133 134 181 157 154 198 
277 2484 7724 805 185 194 131 172 153 142 172 152 148 177 160 165 
192 204 177 168 184 158 163 147 130 151 185 120 170 151 165 161 
169 174 178 171 166 150 181 144 161 152 152 169 169 166 142 161 
194 153 152 159 160 169 157 146 155 123 164 154 147 165 168 167 
175 150 166 169 138 174 146 155 186 144 141 187 163 163 152 173 
143 181 159 164 156 156 175 157 174 162 155 191 163 170 187 190 
