147 160 156 143 164 178 169 165 160 164 124 179 182 185 176 192 
155 154 164 146 151 188 191 175 152 153 164 171 181 150 173 173 
148 175 172 158 145 143 177 155 162 154 158 175 157 150 164 155 
177 161 147 167 161 155 148 174 172 168 156 142 148 153 169 210 
176 166 159 177 166 155 154 188 157 172 188 165 192 139 182 186 
199 202 190 184 158 153 138 156 145 155 147 146 151 182 171 177 
279 2533 7462 773 192 169 176 161 151 143 174 152 166 170 177 162 
453 7614 15196 2299 182 174 169 149 143 149 155 163 163 163 175 151 
248 2593 6643 689 172 171 141 182 157 152 170 158 158 164 165 221 
192 186 186 177 170 162 148 172 161 120 154 158 164 162 138 176 
171 150 149 154 143 180 158 182 166 161 162 178 160 145 161 175 
149 179 157 156 127 120 134 154 157 160 158 157 182 166 197 166 
141 160 142 150 157 158 154 152 144 155 131 141 159 158 180 163 
167 161 159 155 152 185 173 187 163 149 139 145 147 166 162 159 
156 167 145 153 163 180 171 147 163 170 165 155 170 164 164 189 
175 177 168 172 148 177 179 158 149 157 181 166 191 155 160 165 
