158 166 165 161 162 172 172 157 183 187 191 166 180 143 169 176 
145 168 146 131 152 161 138 159 198 125 156 163 161 155 191 169 
146 153 141 151 139 164 149 157 161 173 146 161 162 161 168 156 
165 156 156 165 171 157 133 185 160 161 152 147 151 138 146 161 
162 143 159 147 137 174 148 136 156 165 127 147 156 151 151 159 
131 152 147 145 156 133 142 144 142 132 126 130 137 147 173 172 
163 148 152 150 144 145 147 142 157 161 144 180 152 169 171 181 
177 136 132 143 175 150 156 135 171 147 164 145 165 119 159 192 
151 139 144 137 128 139 131 142 144 140 139 153 167 159 157 157 
164 123 148 142 163 154 143 142 154 138 149 136 159 142 140 167 
145 147 137 142 148 157 143 134 176 156 143 138 143 139 149 166 
136 163 152 140 140 139 144 145 160 143 136 191 168 174 137 179 
160 144 171 149 176 145 186 147 126 176 132 153 160 180 153 156 
143 186 184 174 157 156 156 130 143 132 148 168 150 153 151 161 
168 518 1342 571 155 153 128 181 147 154 137 118 129 148 139 163 
248 4105 7574 1501 164 162 132 137 178 138 139 130 159 134 145 166 
