1031 1144 1076 1109 1108 1096 1078 1103 1117 1113 1114 1129 1149 1103 1092 1087 
1115 1149 1172 1197 1239 1240 1166 1122 1169 1266 1246 1215 1199 1188 1101 1121 
1083 1264 1243 1283 1304 1215 1316 1273 1246 1276 1190 1219 1193 1183 1062 1059 
1117 1224 1256 1299 1348 1300 1203 1289 1262 1270 1356 1254 1252 1175 1135 1133 
1228 1318 1378 1341 1376 1321 1309 1287 1230 1275 1255 1203 1274 1158 1183 1176 
1304 1411 1510 1506 1507 1375 1395 1347 1281 1323 1301 1285 1212 1214 1110 1098 
1505 1627 1636 1594 1455 1444 1435 1439 1250 1313 1272 1229 1215 1273 1136 1149 
1671 1994 1975 1807 1791 1665 1426 1386 1307 1364 1274 1270 1211 1188 1147 1127 
2185 2804 3089 2631 2085 1809 1602 1395 1366 1322 1270 1267 1262 1208 1183 1114 
3086 17954 29089 6506 2596 1877 1620 1428 1425 1335 1335 1245 1248 1216 1149 1137 
4782 49986 91457 16768 2829 2029 1666 1497 1365 1363 1316 1230 1240 1165 1169 1200 
3914 18929 52037 8676 2580 1923 1678 1496 1346 1317 1237 1266 1214 1165 1144 1065 
2250 3390 3548 2902 2092 1783 1526 1384 1365 1301 1220 1290 1196 1235 1113 1073 
1705 2077 2197 2077 1861 1617 1476 1387 1310 1276 1259 1227 1239 1100 1199 1134 
1543 1624 1591 1531 1498 1362 1409 1291 1175 1279 1225 1195 1109 1164 1151 1068 
1217 1328 1379 1333 1316 1242 1173 1121 1168 1094 1109 1051 1090 1099 995 1030 
