1011 1046 1022 1159 1076 1128 1109 1146 1209 1101 1131 1167 1085 1097 1054 1120 
1065 1126 1117 1161 1175 1193 1134 1151 1181 1140 1168 1179 1117 1087 1147 1089 
1022 1155 1183 1225 1213 1246 1228 1168 1195 1272 1169 1223 1082 1178 1208 1029 
1164 1140 1291 1250 1267 1278 1317 1248 1300 1241 1254 1292 1176 1179 1221 1084 
1155 1226 1230 1291 1280 1258 1276 1297 1289 1252 1249 1266 1205 1185 1112 1083 
1175 1309 1223 1397 1406 1262 1371 1251 1258 1338 1238 1147 1195 1139 1188 1060 
1297 1312 1458 1518 1401 1372 1366 1302 1329 1174 1327 1338 1171 1198 1174 1080 
1485 1535 1608 1502 1532 1452 1384 1380 1341 1309 1284 1175 1262 1268 1162 1086 
1657 1889 1995 1924 1785 1574 1506 1381 1408 1345 1343 1318 1262 1173 1190 1102 
2050 2651 2808 2479 1996 1721 1496 1369 1337 1374 1279 1261 1260 1147 1261 1058 
2692 15186 21719 6017 2411 1893 1660 1438 1369 1361 1276 1295 1252 1150 1119 1124 
4733 49024 86288 15864 2864 1924 1558 1447 1360 1331 1235 1288 1152 1179 1219 1085 
3888 18870 49863 8741 2526 1857 1516 1376 1303 1356 1283 1186 1202 1154 1168 1163 
2294 3573 3591 2761 2150 1767 1526 1381 1359 1239 1231 1184 1181 1143 1176 1120 
1741 2049 2119 1912 1731 1482 1415 1347 1194 1198 1213 1186 1149 1050 1100 1081 
1350 1517 1490 1502 1390 1312 1257 1280 1140 1127 1161 1088 1155 1082 1069 1014 
