154 149 164 166 155 161 151 167 178 158 160 199 190 174 178 178 
165 147 160 136 166 157 178 166 157 152 188 165 183 172 154 167 
154 135 144 138 143 181 165 158 160 159 153 147 149 161 145 173 
145 135 153 146 172 150 173 170 161 146 172 174 167 146 175 188 
156 143 124 133 160 130 157 160 135 170 136 152 165 156 136 179 
139 135 148 160 151 130 158 138 141 146 147 133 158 151 162 182 
160 144 153 155 118 156 152 165 172 151 150 151 159 155 163 189 
149 140 174 136 170 143 138 131 155 167 152 164 149 146 158 162 
176 161 148 160 148 174 148 148 163 161 166 141 164 160 162 151 
154 141 141 158 175 145 153 179 150 149 157 149 161 154 141 191 
162 133 156 188 165 168 158 144 141 167 146 149 170 168 139 179 
175 165 145 168 167 160 161 173 165 155 150 167 162 149 162 147 
177 884 1681 526 159 167 157 158 147 184 131 150 145 156 137 180 
363 6394 10354 1673 184 162 151 164 157 150 156 148 177 155 147 163 
450 2458 6537 876 178 169 168 150 132 148 136 150 157 166 157 144 
194 385 365 179 187 159 159 152 157 144 170 162 145 157 175 154 
