272 4149 7448 1484 177 169 144 155 134 139 144 138 144 135 131 170 
170 483 1311 522 168 169 132 140 148 129 139 126 141 134 138 169 
173 145 178 166 140 137 159 144 150 144 129 143 162 139 157 173 
165 156 128 136 162 149 167 132 132 150 166 135 145 142 159 160 
136 145 155 163 140 160 131 148 153 149 155 136 138 128 163 173 
137 132 157 137 159 155 154 134 153 165 166 123 148 148 149 154 
159 142 127 151 127 148 137 140 138 148 140 164 145 141 129 154 
136 120 151 144 129 135 141 156 144 157 133 134 136 141 159 164 
140 160 162 165 133 148 144 161 155 150 157 154 159 147 147 167 
146 139 141 115 161 147 141 142 159 152 154 172 145 139 186 176 
134 148 148 152 115 151 163 162 138 136 148 141 161 154 149 179 
164 156 142 154 138 148 137 162 144 159 149 152 168 190 171 170 
155 147 155 155 150 137 126 152 159 160 160 150 155 164 152 166 
162 165 149 163 172 174 158 161 154 136 145 142 175 149 157 156 
168 159 134 150 139 159 161 162 156 167 174 168 148 145 153 168 
154 161 178 168 150 148 194 173 143 183 191 157 195 153 180 183 
