1339 1484 1577 1462 1413 1325 1180 1257 1082 1147 1162 1114 994 1024 1000 985 
1659 2000 1999 1933 1664 1521 1423 1405 1276 1223 1186 1195 1106 1054 1032 1079 
2263 3458 3630 2743 2044 1755 1549 1396 1350 1335 1205 1186 1193 1138 1158 966 
3742 17964 49191 8934 2658 1860 1593 1461 1396 1399 1329 1232 1153 1178 1101 1049 
4545 47865 86281 16222 2796 1938 1646 1454 1320 1303 1363 1282 1243 1200 1126 1146 
2802 15220 22190 5975 2270 1890 1554 1420 1383 1286 1262 1255 1235 1242 1166 1121 
2041 2729 2902 2534 1984 1651 1560 1371 1320 1291 1268 1260 1185 1235 1164 1072 
1618 1897 2103 1897 1686 1596 1486 1383 1298 1362 1262 1236 1212 1245 1197 1140 
1371 1507 1493 1574 1559 1490 1367 1335 1261 1295 1262 1254 1269 1204 1208 1073 
1285 1303 1376 1411 1428 1387 1364 1327 1327 1342 1211 1273 1233 1243 1226 1102 
1158 1295 1347 1347 1350 1252 1245 1294 1270 1296 1216 1356 1248 1204 1243 1064 
1103 1235 1252 1341 1273 1245 1265 1205 1326 1245 1225 1270 1236 1238 1205 1123 
1114 1183 1192 1235 1240 1186 1186 1239 1233 1231 1168 1227 1193 1167 1247 1105 
1095 1127 1149 1210 1288 1277 1189 1174 1189 1149 1246 1213 1154 1206 1163 1068 
1043 1139 1197 1156 1128 1168 1112 1183 1192 1158 1183 1162 1217 1130 1112 1043 
984 1097 1085 1082 1110 1105 1154 1085 1101 1148 1145 1097 1128 1069 1076 1066 
