166 161 168 144 138 168 160 150 171 152 148 164 152 174 162 143 
181 321 261 195 144 150 169 152 148 154 165 150 169 178 175 141 
358 2658 7189 881 174 157 145 138 122 153 140 159 159 148 167 183 
365 7226 12158 1828 185 152 167 162 154 148 137 164 149 149 159 156 
184 1253 2090 542 212 154 171 134 155 154 159 165 142 163 143 198 
187 136 171 156 129 134 160 155 162 178 136 156 148 152 144 163 
163 154 147 175 153 146 159 160 130 138 143 146 155 126 164 180 
159 136 180 142 163 157 148 176 130 147 155 130 150 149 179 158 
153 164 146 180 144 156 146 177 170 166 138 152 136 155 165 200 
154 155 154 180 126 153 149 163 135 156 139 119 146 170 176 133 
134 168 172 151 147 164 159 162 176 158 165 191 143 147 180 159 
132 146 128 145 149 160 167 163 133 164 138 150 164 146 173 168 
156 155 155 177 166 160 142 164 182 168 141 157 163 175 149 179 
143 138 185 143 181 169 155 179 145 153 138 149 171 134 168 184 
153 136 143 145 141 180 147 173 140 149 135 152 164 171 162 172 
163 144 162 166 158 165 182 173 190 175 157 187 153 194 206 165 
