161 139 173 169 153 166 150 171 180 150 171 182 170 169 153 208 
146 147 150 175 151 165 131 142 148 149 154 167 155 154 167 200 
152 135 123 151 137 140 170 144 152 172 174 153 137 136 162 154 
179 121 172 154 141 153 158 182 149 163 165 188 141 150 163 166 
153 148 152 157 167 147 177 183 192 165 164 152 174 156 158 162 
158 150 141 174 154 146 173 146 151 163 139 170 141 153 163 179 
136 155 159 151 172 144 167 160 187 127 166 190 156 138 172 177 
187 157 143 151 145 172 147 153 167 133 171 156 159 169 142 166 
153 161 151 185 172 178 148 158 181 176 176 154 178 175 165 177 
163 204 175 154 161 153 140 126 165 162 159 174 171 166 166 168 
202 2017 3097 545 185 175 184 171 160 174 146 163 160 149 146 180 
422 7207 13530 2004 176 159 152 161 156 165 163 146 134 151 156 161 
374 2454 7503 915 175 174 166 127 137 161 161 133 172 151 158 191 
187 266 230 169 162 163 176 168 176 134 166 159 154 152 174 167 
154 166 168 158 164 132 157 167 162 150 175 173 157 135 162 130 
170 185 139 160 164 167 169 168 148 169 202 166 174 165 196 175 
