1261 1289 1357 1330 1289 1290 1252 1191 1181 1140 1056 1117 1042 1052 1081 1076 
1440 1655 1549 1513 1438 1382 1300 1317 1233 1185 1172 1166 1108 1081 1132 1094 
1784 1991 2090 2108 1797 1593 1435 1354 1298 1273 1281 1117 1183 1221 1133 1094 
2305 3262 3622 2897 2146 1708 1537 1345 1293 1258 1199 1283 1202 1160 1163 1086 
3734 18338 51207 8770 2629 2008 1720 1546 1403 1281 1232 1241 1151 1089 1202 1139 
4850 49761 92104 17101 2909 1998 1673 1462 1342 1256 1330 1214 1218 1157 1221 1149 
3034 18124 29477 6527 2566 1912 1716 1469 1444 1326 1258 1254 1167 1286 1171 1121 
2157 2856 3029 2562 2131 1689 1650 1467 1388 1356 1262 1258 1232 1251 1146 1128 
1746 1861 1977 1873 1713 1597 1493 1378 1367 1378 1379 1324 1237 1197 1164 1156 
1425 1603 1624 1546 1578 1508 1441 1324 1294 1277 1223 1260 1169 1185 1175 1141 
1342 1497 1440 1379 1432 1322 1361 1295 1340 1293 1286 1242 1257 1238 1231 1115 
1139 1297 1364 1257 1335 1401 1419 1310 1289 1318 1216 1249 1201 1183 1242 1111 
1165 1264 1273 1323 1286 1257 1263 1304 1281 1224 1228 1230 1226 1208 1216 1086 
1127 1148 1275 1188 1205 1277 1223 1213 1171 1267 1196 1199 1162 1140 1078 1118 
976 1097 1124 1159 1216 1212 1155 1267 1218 1221 1171 1201 1220 1191 1069 1034 
997 1094 1136 1130 1160 1081 1159 1134 1133 1046 1175 1076 1121 1097 1068 1071 
