978 1110 984 1052 1013 1024 1009 1079 1044 1020 1025 1072 1070 977 1036 983 
1004 1089 1119 1123 1125 1082 1182 1139 1094 1138 1082 1161 1080 1084 993 1052 
1028 1153 1224 1147 1177 1201 1194 1172 1182 1122 1166 1122 1146 1050 1160 1027 
1050 1158 1235 1207 1229 1261 1242 1194 1257 1215 1216 1143 1185 1154 1003 1058 
1153 1172 1271 1388 1322 1363 1240 1301 1258 1189 1125 1170 1109 1147 1105 1109 
1279 1342 1383 1478 1425 1443 1278 1253 1258 1250 1248 1185 1210 1130 1082 1023 
1330 1456 1546 1728 1637 1432 1374 1268 1273 1337 1235 1261 1183 1127 1092 1075 
1479 1679 2051 2047 1978 1701 1514 1416 1346 1383 1215 1216 1284 1182 1132 1104 
1657 2293 2872 3213 2772 2091 1806 1586 1370 1366 1261 1181 1187 1177 1136 1079 
2036 3197 20090 32279 6654 2677 1939 1556 1463 1297 1300 1216 1158 1163 1073 1046 
2102 4468 51861 94079 21508 3038 1979 1601 1500 1405 1271 1187 1209 1181 1092 1058 
2004 3715 19071 55847 11332 2764 2028 1554 1537 1328 1239 1186 1188 1104 1106 1019 
1783 2467 3241 3795 2955 2234 1704 1503 1376 1268 1301 1189 1187 1081 1137 1084 
1445 1777 2089 2187 2028 1742 1517 1408 1267 1249 1337 1165 1068 1234 1096 1035 
1281 1506 1612 1579 1654 1477 1365 1357 1250 1232 1081 1135 1084 1172 1097 928 
1120 1293 1350 1255 1334 1318 1200 1250 1106 1129 1060 1043 1026 1006 910 990 
