1560 2222 3848 4359 2532 2016 1584 1350 1260 1193 1125 1022 1090 1080 1025 1018 
1820 3560 17821 46120 10728 2517 1705 1461 1334 1273 1250 1147 1175 1179 1130 1126 
1924 3537 45630 78690 17029 2550 1738 1519 1403 1283 1336 1221 1247 1163 1152 1063 
1797 2587 8516 14937 5517 2311 1750 1453 1379 1357 1235 1298 1242 1188 1183 1103 
1608 1915 2467 2683 2371 1803 1633 1414 1380 1394 1341 1262 1267 1243 1147 1051 
1378 1633 1844 1865 1763 1634 1571 1408 1393 1247 1286 1322 1235 1217 1129 1127 
1217 1329 1593 1588 1466 1507 1498 1369 1307 1274 1291 1209 1237 1204 1128 1185 
1274 1311 1416 1414 1398 1393 1303 1447 1294 1332 1299 1260 1191 1279 1111 1060 
1125 1210 1362 1283 1250 1290 1266 1304 1252 1321 1271 1238 1220 1270 1080 1112 
1114 1188 1264 1267 1275 1279 1268 1225 1261 1235 1296 1273 1184 1185 1192 1094 
1091 1155 1170 1221 1260 1367 1299 1178 1214 1326 1206 1249 1233 1144 1264 1077 
1098 1193 1215 1208 1221 1248 1170 1229 1235 1242 1168 1144 1192 1143 1099 1100 
1150 1118 1181 1193 1257 1261 1191 1222 1192 1206 1272 1185 1200 1164 1152 1115 
1037 1106 1114 1109 1165 1218 1245 1191 1182 1183 1169 1124 1209 1193 1235 1151 
970 1017 1107 1080 1171 1257 1209 1162 1187 1123 1134 1083 1185 1105 1124 1063 
951 984 1064 1097 1147 1149 1085 1057 1211 1060 1085 1139 1081 1067 998 1009 
