163 148 174 175 168 170 152 134 195 151 187 186 179 170 167 193 
147 145 181 140 149 136 153 144 144 147 165 155 174 184 166 152 
165 139 157 147 140 158 152 170 145 146 166 152 163 168 183 154 
167 190 141 174 147 147 165 156 131 157 155 161 178 143 168 168 
177 151 140 153 160 147 152 131 165 149 164 167 145 167 170 171 
150 139 136 159 162 157 151 146 124 156 164 157 146 166 162 181 
139 150 180 140 161 161 144 133 166 162 152 171 182 183 160 161 
153 163 154 143 142 143 138 174 142 145 147 160 154 145 155 164 
162 153 141 158 163 170 142 169 171 154 156 153 144 159 167 173 
143 183 150 128 145 138 172 148 173 160 154 151 167 150 165 149 
153 173 127 154 151 137 167 172 155 144 142 161 160 153 138 151 
152 140 184 153 150 144 158 156 133 157 139 160 130 175 140 172 
156 145 156 199 173 151 169 152 168 160 160 150 171 153 167 177 
180 183 702 1460 506 178 166 149 146 164 137 127 165 148 159 149 
178 245 5894 10491 1992 168 151 160 145 145 144 153 141 166 159 182 
155 335 2383 6335 1126 176 129 177 147 147 155 143 162 164 135 145 
