1004 1041 1073 1077 1105 1219 1100 1133 1088 1131 1120 1141 1129 1077 1064 1019 
1131 1186 1097 1132 1059 1156 1231 1229 1180 1202 1170 1159 1174 1124 1158 1105 
1147 1248 1237 1234 1208 1224 1237 1224 1325 1220 1192 1137 1173 1223 1164 1066 
1155 1194 1249 1275 1265 1260 1293 1255 1294 1234 1288 1273 1160 1229 1162 1095 
1216 1290 1295 1252 1296 1309 1303 1291 1262 1310 1203 1271 1130 1248 1141 1112 
1277 1416 1385 1334 1365 1374 1433 1301 1280 1301 1279 1245 1197 1230 1217 1060 
1287 1467 1550 1492 1544 1473 1439 1319 1378 1336 1314 1202 1264 1196 1232 1043 
1375 1528 1630 1693 1640 1576 1528 1451 1491 1369 1270 1203 1168 1215 1132 1164 
1541 1882 1946 2148 2014 1842 1690 1517 1394 1360 1372 1275 1339 1284 1149 1075 
1744 2267 2877 3030 2694 2075 1832 1536 1406 1418 1320 1307 1321 1258 1143 1128 
2069 3046 17454 26247 6637 2614 1897 1647 1452 1366 1363 1284 1299 1133 1204 1143 
2195 4411 52848 95633 21803 3058 2163 1655 1466 1386 1354 1318 1244 1168 1180 1103 
2059 3878 18952 55111 12709 2784 2097 1546 1436 1335 1356 1258 1191 1153 1204 1127 
1721 2449 3586 4026 2977 2298 1788 1618 1437 1322 1244 1241 1221 1185 1147 1136 
1533 1903 2099 2259 2140 1803 1582 1422 1309 1299 1234 1177 1148 1183 1135 1083 
1291 1552 1642 1681 1607 1477 1324 1219 1226 1186 1056 1159 1104 1106 1020 1030 
