1069 1160 1239 1263 1227 1232 1136 1058 1106 1078 1059 1078 1067 1064 1098 1010 
1309 1350 1380 1455 1455 1378 1244 1207 1305 1194 1183 1151 1147 1093 1062 1032 
1379 1578 1700 1672 1680 1571 1422 1361 1309 1274 1216 1132 1186 1146 1117 1010 
1519 1873 2055 2203 2105 1865 1662 1450 1404 1357 1218 1248 1167 1156 1139 1079 
1782 2436 3320 3652 3014 2264 1910 1555 1419 1262 1189 1194 1193 1095 1119 1091 
2020 3586 19770 57944 10265 2742 1971 1655 1441 1404 1297 1232 1203 1144 1150 1060 
2097 4873 53435 96194 22591 3070 2106 1639 1471 1397 1318 1217 1166 1148 1152 1091 
2071 3397 21134 41991 7283 2684 2016 1637 1418 1367 1307 1209 1223 1131 1112 1084 
1815 2276 3105 3441 2807 2189 1795 1549 1346 1233 1271 1242 1268 1276 1175 1107 
1530 1902 2110 2217 1937 1755 1604 1520 1420 1204 1251 1227 1199 1243 1196 1112 
1334 1492 1613 1738 1580 1604 1467 1425 1352 1351 1263 1205 1229 1167 1194 1071 
1185 1377 1369 1417 1444 1424 1261 1271 1288 1260 1279 1174 1170 1169 1123 1048 
1223 1294 1398 1374 1269 1272 1326 1327 1261 1270 1179 1236 1142 1119 1181 1060 
1119 1141 1221 1271 1226 1324 1258 1308 1217 1169 1162 1129 1211 1192 1094 1095 
1081 1091 1097 1224 1206 1154 1173 1161 1112 1169 1112 1126 1201 1081 1029 1058 
1005 1060 1107 1043 1043 1107 1047 1090 1090 1022 1066 1077 1078 993 1034 917 
