1099 1130 1137 1027 1109 1120 1100 1102 1178 1237 1160 1092 1145 1120 1085 1046 
1042 1101 1156 1253 1121 1180 1131 1167 1215 1085 1137 1129 1149 1149 1113 1068 
1088 1143 1204 1171 1180 1219 1251 1228 1173 1169 1144 1087 1178 1269 1105 1062 
1078 1143 1206 1287 1253 1173 1237 1242 1253 1272 1211 1141 1181 1169 1167 1117 
1124 1133 1201 1229 1229 1308 1231 1253 1225 1225 1270 1190 1191 1188 1138 1159 
1156 1197 1207 1274 1363 1347 1317 1353 1355 1289 1322 1228 1204 1211 1197 1129 
1211 1202 1282 1336 1374 1426 1351 1335 1235 1227 1334 1236 1292 1188 1194 1127 
1275 1344 1412 1432 1398 1359 1323 1346 1358 1297 1259 1291 1203 1265 1205 1055 
1342 1528 1671 1643 1555 1475 1454 1390 1368 1257 1273 1271 1217 1239 1125 1091 
1423 1758 1934 1948 1963 1706 1507 1442 1421 1316 1345 1308 1260 1189 1147 1150 
1604 2092 2680 2772 2536 2055 1719 1551 1376 1321 1344 1238 1290 1206 1158 1097 
1934 2872 11891 18658 5951 2573 1921 1624 1416 1280 1209 1274 1208 1260 1128 1114 
2039 4159 51161 88066 18461 2916 1895 1605 1512 1282 1262 1282 1276 1189 1237 1175 
1990 3816 19153 51714 12229 2758 1974 1532 1427 1321 1210 1290 1166 1220 1158 1096 
1711 2348 3862 4132 2957 2154 1742 1530 1410 1279 1194 1272 1200 1196 1109 1064 
1492 1790 2021 2081 1967 1741 1495 1290 1254 1215 1103 1020 1051 1060 1137 952 
