1290 1461 1584 1695 1553 1404 1397 1244 1187 1211 1125 1136 1136 1170 1089 1012 
1603 1870 2170 2331 2064 1878 1625 1509 1305 1289 1224 1231 1155 1236 1108 1073 
1794 2510 3662 3907 3051 2329 1854 1546 1418 1385 1309 1274 1239 1219 1173 1101 
2043 3924 19255 55694 12565 2891 2009 1644 1498 1373 1335 1313 1262 1103 1106 1129 
2200 4638 53449 95696 21000 3109 2072 1685 1571 1375 1319 1263 1247 1231 1143 1127 
2052 3152 17316 25710 6582 2668 1989 1685 1482 1392 1278 1228 1340 1280 1240 1133 
1813 2350 2817 2953 2630 2025 1817 1568 1461 1434 1339 1273 1254 1277 1203 1171 
1516 1819 2029 2083 1976 1870 1637 1559 1419 1442 1287 1264 1254 1227 1165 1183 
1289 1524 1583 1620 1645 1587 1522 1475 1444 1319 1272 1232 1301 1255 1214 1120 
1295 1445 1364 1480 1526 1437 1404 1315 1351 1350 1368 1311 1284 1171 1214 1110 
1213 1281 1347 1387 1366 1388 1396 1302 1337 1321 1296 1238 1206 1202 1188 1120 
1144 1239 1270 1333 1333 1348 1329 1294 1288 1236 1317 1272 1266 1209 1180 1128 
1194 1280 1294 1288 1320 1262 1271 1220 1179 1225 1277 1198 1155 1315 1116 1144 
1120 1200 1175 1316 1180 1238 1254 1204 1235 1202 1197 1206 1225 1249 1220 1146 
1096 1183 1146 1179 1150 1181 1228 1086 1220 1189 1179 1236 1149 1122 1166 1047 
975 1141 1073 1147 1150 1074 1133 1054 1193 1106 1093 1106 1121 1107 1114 1090 
