133 173 143 155 145 146 163 170 133 138 177 158 177 147 153 181 
163 140 157 140 134 168 153 143 146 148 140 146 187 171 179 182 
166 166 136 146 137 159 163 138 150 186 153 158 187 124 178 189 
165 153 143 153 144 135 153 166 133 165 155 149 135 165 190 176 
157 158 168 144 153 128 153 150 142 154 151 164 151 151 161 170 
163 187 143 179 159 160 140 139 175 160 157 159 151 165 167 182 
186 151 179 163 167 170 152 148 154 149 125 154 147 160 167 183 
166 193 2812 7690 717 159 168 141 167 131 157 141 153 135 149 171 
190 343 8306 15601 3189 157 148 155 151 129 155 145 150 166 162 173 
194 208 2777 8664 872 149 133 160 126 154 165 136 165 140 167 133 
147 188 181 194 168 186 151 140 177 155 163 166 156 142 147 177 
187 172 151 178 149 159 161 153 155 175 162 151 170 169 155 177 
159 144 149 151 148 159 134 141 150 150 155 164 163 174 171 184 
164 148 170 152 175 137 136 147 155 141 167 153 194 162 144 147 
158 185 168 127 150 179 143 144 150 157 152 166 164 170 165 159 
168 134 165 155 175 164 158 161 151 149 172 167 156 172 155 165 
