1014 1068 1051 1032 1147 1075 1026 1078 1093 1095 1014 1120 1085 1082 1096 1010 
1045 1062 1108 1171 1121 1167 1120 1153 1124 1124 1088 1165 1093 1122 1038 975 
1095 1137 1089 1165 1126 1132 1108 1051 1160 1151 1130 1203 1127 1153 1091 1096 
1061 1163 1128 1175 1131 1213 1186 1111 1176 1158 1179 1205 1170 1214 1129 1048 
1001 1087 1090 1135 1159 1245 1225 1165 1164 1243 1206 1168 1157 1162 1113 1006 
1009 1190 1145 1119 1151 1184 1186 1244 1223 1205 1178 1145 1192 1130 1154 1057 
1024 1121 1172 1268 1180 1185 1231 1246 1162 1193 1273 1184 1176 1188 1141 1084 
1095 1132 1154 1240 1256 1201 1139 1216 1212 1247 1219 1181 1183 1159 1151 1035 
1033 1105 1150 1180 1216 1296 1159 1143 1187 1140 1187 1194 1210 1228 1071 1062 
1044 1185 1213 1148 1250 1200 1248 1219 1155 1214 1125 1150 1170 1160 1092 1038 
1166 1108 1291 1237 1216 1216 1303 1225 1247 1184 1193 1179 1208 1205 1105 985 
1109 1287 1354 1295 1290 1303 1222 1224 1252 1254 1276 1231 1180 1142 1142 1058 
1252 1310 1431 1548 1479 1381 1356 1249 1201 1220 1165 1139 1102 1071 1124 1035 
1275 1549 1770 2066 1835 1545 1395 1289 1204 1182 1202 1133 1176 1121 1105 1045 
1354 1892 4940 10061 4427 1664 1453 1296 1201 1120 1125 1148 1113 1061 1068 1017 
1326 2193 29286 53761 12063 1742 1350 1215 1133 1099 1006 1037 985 992 964 980 
