1353 2113 29182 54385 12514 1726 1369 1248 1146 1107 1080 1019 1030 1051 965 920 
1360 1802 5089 10267 4604 1723 1365 1260 1186 1133 1110 1045 1065 1060 1066 1006 
1265 1554 1728 2119 1863 1526 1401 1257 1243 1191 1098 1219 1161 1064 1090 1075 
1186 1370 1510 1538 1447 1400 1310 1203 1178 1140 1186 1225 1109 1111 1095 1084 
1200 1309 1232 1314 1329 1326 1293 1284 1266 1239 1232 1193 1192 1145 1057 1098 
1139 1248 1228 1308 1301 1169 1273 1292 1229 1160 1206 1122 1201 1131 1084 1066 
1102 1192 1201 1185 1233 1205 1189 1163 1197 1226 1192 1226 1151 1082 1143 1070 
1078 1186 1203 1224 1211 1242 1143 1115 1160 1175 1124 1152 1228 1087 1077 994 
1059 1161 1091 1239 1206 1229 1209 1227 1102 1205 1107 1162 1209 1147 1120 1029 
986 1140 1180 1117 1217 1169 1194 1188 1178 1192 1193 1169 1120 1157 1134 1018 
1043 1086 1164 1152 1117 1110 1173 1233 1129 1108 1216 1244 1244 1137 1122 985 
1054 1081 1176 1152 1165 1124 1108 1154 1172 1162 1254 1175 1120 1139 1167 1080 
1033 1118 1100 1117 1120 1155 1133 1165 1162 1115 1169 1198 1116 1157 1119 1033 
1061 1041 1180 1233 1163 1125 1203 1116 1201 1186 1150 1123 1139 1132 1116 1022 
1052 1087 1110 1032 1172 1102 1098 1146 1119 1121 1140 1155 1123 1103 1046 1015 
1037 1092 1085 1075 1050 1103 1041 1064 1075 1075 1071 1130 1012 1025 1047 1059 
