157 154 140 174 144 172 144 136 150 145 138 163 169 174 153 157 
171 123 130 154 150 168 142 135 175 150 145 153 146 157 145 178 
183 160 144 140 155 158 148 151 169 157 134 135 155 158 170 168 
149 153 169 175 161 171 163 154 134 145 150 179 154 126 155 180 
146 164 168 173 173 170 176 151 149 148 150 149 141 145 154 149 
174 219 2520 8853 1062 176 151 171 135 136 146 141 144 142 154 168 
160 329 8012 14887 2985 178 179 152 147 146 126 133 157 144 174 176 
187 202 2774 6241 672 172 149 144 165 154 145 158 127 145 156 160 
165 124 159 194 159 139 145 176 145 134 154 152 163 157 156 179 
161 163 168 167 138 137 148 160 139 120 156 157 154 166 157 184 
159 136 148 147 148 169 177 157 142 154 136 137 155 158 173 179 
148 157 137 151 154 163 118 147 145 158 171 160 171 155 161 159 
179 186 167 145 154 139 142 157 146 140 178 159 150 156 149 153 
172 127 173 179 153 171 124 154 141 141 165 153 146 145 158 187 
148 138 116 165 164 162 154 143 142 165 126 138 165 163 144 167 
154 153 163 152 172 148 141 170 155 156 152 151 186 159 165 147 
