182 296 2377 6167 1127 169 153 162 162 174 164 157 149 151 132 168 
164 269 5812 10606 1977 185 158 190 146 142 170 142 154 174 148 183 
173 157 657 1614 516 157 134 158 201 155 185 133 149 170 135 185 
154 154 141 180 178 180 142 164 172 132 156 159 134 136 154 194 
145 151 153 144 145 159 154 157 143 138 160 146 167 169 159 160 
135 151 157 155 151 187 154 150 160 165 154 149 152 150 169 198 
153 160 151 141 147 159 169 136 157 140 162 154 137 159 109 160 
126 154 143 155 148 163 168 146 175 143 158 138 163 160 187 158 
160 146 128 145 176 175 132 133 139 158 155 177 169 152 172 150 
153 130 171 144 148 152 141 162 143 136 143 146 173 172 163 151 
165 152 143 147 150 169 158 151 156 147 163 134 134 167 145 187 
157 161 130 132 161 152 144 148 182 142 157 174 179 153 172 178 
156 162 135 157 167 163 154 173 150 163 163 162 148 142 174 175 
146 130 159 148 161 163 151 145 160 157 171 167 134 153 147 196 
180 166 179 167 158 155 162 163 179 160 127 156 157 149 150 190 
174 172 171 171 164 173 167 154 163 150 187 166 192 167 171 191 
