142 158 149 139 160 145 147 163 146 159 153 133 167 160 165 187 
163 161 146 147 159 146 140 145 123 167 155 150 161 148 158 167 
159 148 129 151 139 117 137 127 128 131 146 141 147 169 149 151 
152 137 137 150 133 122 127 132 127 122 172 156 145 141 134 147 
162 152 153 147 122 178 157 129 156 138 143 144 135 130 161 149 
147 169 162 175 150 163 142 145 131 128 161 172 159 161 154 148 
164 170 2480 8173 879 162 180 157 151 142 136 132 139 148 140 172 
153 338 7508 14440 3038 172 153 145 134 161 159 166 147 120 124 163 
155 207 2547 7519 702 177 156 133 145 144 136 139 149 148 145 160 
160 157 157 191 142 150 144 118 136 137 160 151 152 136 129 148 
149 123 158 181 184 152 152 156 144 138 148 137 148 149 142 147 
164 139 146 159 143 126 144 122 170 122 145 124 150 125 137 166 
138 131 138 152 147 128 152 138 136 152 131 129 162 151 121 162 
141 129 126 138 155 109 149 141 154 164 148 129 147 152 148 171 
144 136 163 139 139 126 135 167 158 146 161 146 145 141 154 155 
164 121 146 146 154 172 145 180 149 173 172 126 147 156 146 191 
