175 163 153 174 156 157 163 158 154 166 124 162 186 146 153 151 
165 179 295 281 189 183 143 158 171 165 168 153 128 148 157 160 
195 288 2476 7855 1433 181 173 181 165 154 143 143 153 163 166 153 
191 282 7935 13691 2361 177 172 142 150 160 182 171 139 147 154 170 
171 176 1456 2394 582 182 167 148 163 158 190 164 156 150 157 180 
162 178 171 203 172 177 148 164 165 158 188 148 143 143 158 144 
165 157 155 164 146 150 170 156 166 131 167 154 138 158 158 179 
166 149 169 145 158 147 157 140 172 144 186 143 160 168 184 167 
145 172 151 163 169 156 150 155 147 162 154 153 175 151 178 172 
157 170 159 143 138 155 146 161 166 164 168 161 171 152 170 171 
172 157 155 156 140 164 148 135 138 154 174 175 183 148 168 172 
156 164 149 149 166 143 181 168 153 142 150 147 167 177 155 182 
154 154 145 161 170 151 161 162 177 141 187 160 145 161 163 195 
159 178 164 152 141 153 170 166 137 166 151 162 161 154 174 194 
185 146 165 151 168 123 146 150 148 162 152 156 155 134 171 173 
195 137 184 195 177 173 188 185 179 166 171 201 177 169 203 216 
