956 987 1084 1127 1147 1065 1121 1116 1106 1062 1125 1071 1080 1046 1080 1037 
1008 1024 1118 1088 1130 1147 1152 1115 1071 1193 1173 1071 1143 1142 1146 1024 
1035 1069 1086 1129 1153 1187 1201 1230 1182 1196 1154 1211 1131 1124 1149 1023 
1024 1197 1144 1226 1197 1148 1240 1283 1249 1228 1252 1251 1240 1139 1108 1033 
1075 1071 1163 1150 1206 1276 1278 1204 1193 1208 1178 1248 1119 1225 1163 1113 
995 1073 1172 1221 1205 1223 1196 1207 1131 1228 1189 1294 1219 1177 1162 1033 
1107 1173 1269 1232 1285 1212 1173 1237 1194 1226 1184 1219 1207 1274 1133 1054 
1079 1255 1202 1243 1249 1269 1243 1225 1216 1197 1212 1175 1250 1138 1151 1073 
1178 1198 1282 1252 1390 1239 1322 1291 1334 1242 1212 1206 1247 1164 1144 1076 
1197 1307 1368 1280 1361 1341 1346 1322 1259 1268 1250 1283 1228 1164 1172 1024 
1276 1377 1449 1489 1454 1388 1400 1302 1245 1272 1245 1173 1164 1151 1165 1009 
1288 1493 1704 1763 1605 1518 1487 1366 1206 1245 1174 1131 1148 1190 1097 1070 
1504 1790 2131 2431 2120 1788 1556 1423 1312 1268 1267 1133 1128 1032 1140 1110 
1662 2350 6613 12034 5170 2074 1672 1440 1391 1315 1159 1117 1183 1128 1169 1054 
1766 3191 38815 66750 14608 2281 1596 1448 1296 1209 1176 1162 1162 1150 1045 1025 
1599 3228 17465 41605 9009 2195 1454 1343 1187 1121 1130 1011 1086 1038 1061 925 
