1218 1268 1343 1396 1411 1333 1227 1252 1242 1236 1119 1149 1113 1118 1103 1085 
1446 1531 1698 1755 1750 1579 1495 1366 1263 1242 1320 1229 1189 1161 1143 1071 
1584 1961 2156 2412 2157 1920 1648 1461 1380 1345 1239 1318 1218 1194 1062 1114 
1916 2557 3479 4032 3120 2312 1869 1684 1463 1363 1314 1341 1275 1284 1194 1090 
2132 3964 20366 60327 11735 2936 2074 1605 1535 1341 1341 1299 1259 1245 1216 1127 
2260 4950 56034 100395 21931 3200 2096 1685 1516 1358 1324 1303 1259 1237 1220 1125 
2002 3382 21027 33494 6936 2829 2044 1703 1517 1434 1368 1256 1289 1217 1169 1153 
1893 2450 3103 3398 2916 2256 1846 1599 1405 1323 1323 1328 1344 1226 1114 1172 
1586 1859 2066 2207 2108 1942 1572 1525 1472 1332 1325 1285 1233 1297 1212 1122 
1450 1579 1688 1714 1682 1628 1525 1485 1386 1378 1327 1256 1232 1203 1139 1213 
1248 1386 1421 1513 1584 1480 1390 1472 1289 1316 1321 1256 1300 1230 1158 1117 
1153 1317 1341 1365 1353 1370 1336 1389 1296 1284 1268 1219 1281 1215 1168 1202 
1161 1210 1284 1323 1295 1342 1269 1278 1306 1210 1255 1188 1185 1173 1163 1142 
1125 1170 1184 1224 1315 1212 1204 1224 1230 1255 1243 1199 1219 1126 1183 1135 
1041 1206 1156 1144 1214 1243 1212 1213 1233 1193 1182 1217 1142 1093 1103 1092 
1007 1104 1083 1115 1179 1138 1195 1090 1093 1195 1133 1133 1119 1058 1100 1014 
