141 146 146 190 161 140 133 160 134 158 157 165 145 174 175 188 
188 182 157 140 178 165 178 179 146 152 176 152 136 168 182 171 
161 143 176 170 163 157 156 134 156 173 155 156 161 148 157 149 
179 174 194 222 164 152 159 160 167 173 165 137 170 167 146 170 
176 258 2542 9172 1380 172 170 143 156 161 150 171 178 172 174 172 
187 331 8246 15616 2913 186 152 157 177 147 167 181 161 181 161 173 
162 188 2718 4855 565 199 168 169 149 173 146 172 163 163 179 188 
173 162 162 190 186 175 158 143 152 154 128 166 189 171 158 169 
164 174 190 187 149 155 154 156 169 152 154 155 174 172 166 174 
149 138 164 161 170 161 158 163 130 157 160 151 171 176 146 194 
166 134 158 142 148 172 160 144 140 150 155 145 175 170 161 155 
155 141 138 147 168 169 173 160 138 152 142 164 178 149 152 167 
153 153 152 179 150 168 151 153 151 157 149 152 173 149 160 169 
153 149 168 153 161 161 146 173 160 145 167 180 162 162 148 187 
149 173 153 144 165 160 149 167 160 142 158 165 151 158 177 179 
167 158 171 162 176 181 187 170 182 188 159 176 170 132 197 150 
