165 179 4491 8680 1798 183 154 183 139 158 145 156 163 128 159 160 
152 143 595 1433 559 156 141 153 137 176 163 127 141 153 163 160 
162 140 161 177 162 158 143 153 184 149 152 160 166 112 148 160 
156 153 156 146 149 139 149 151 123 152 135 156 146 175 139 182 
144 154 150 150 144 161 151 171 141 149 176 151 140 154 159 166 
160 158 157 152 135 143 142 150 161 144 174 144 147 161 146 165 
144 143 132 149 145 156 154 140 164 152 153 157 157 135 146 155 
160 141 148 144 149 166 131 148 143 163 127 163 161 153 164 144 
149 144 153 159 144 168 169 141 128 160 155 162 152 161 158 144 
141 139 160 172 147 154 153 130 153 143 134 143 127 144 164 159 
165 141 158 152 119 139 158 149 123 142 147 168 172 128 160 147 
167 163 150 171 155 149 141 142 134 141 172 148 135 145 162 166 
134 164 141 149 132 156 133 155 148 159 148 153 138 146 171 157 
147 162 155 160 147 157 135 155 143 161 161 160 163 149 140 165 
145 157 160 162 184 151 144 152 154 140 174 159 170 154 190 175 
195 179 184 184 183 155 169 169 174 165 168 179 172 167 201 182 
