170 171 180 144 167 165 150 173 144 164 178 171 186 185 169 190 
157 143 150 172 141 165 172 192 182 156 179 165 200 168 172 164 
167 165 173 157 169 167 169 147 138 141 154 135 162 177 179 164 
147 141 140 170 178 154 172 158 155 166 172 142 170 162 161 167 
162 131 167 145 150 170 153 159 134 141 159 165 146 147 151 171 
160 140 140 158 175 197 162 140 188 152 151 165 153 154 161 182 
162 159 134 164 146 178 152 173 140 160 172 152 169 151 148 154 
146 171 144 147 153 164 155 139 185 158 126 177 145 154 165 183 
175 154 173 142 156 153 134 172 162 134 168 160 138 154 154 185 
177 157 175 162 176 153 155 165 174 145 156 138 149 154 157 181 
159 157 190 159 186 176 165 143 135 159 158 122 155 172 167 176 
183 152 1407 2465 560 172 154 158 154 144 144 168 155 160 167 174 
169 290 7592 13802 2412 169 159 162 161 133 155 171 163 157 184 173 
204 262 2500 7860 1472 196 167 156 142 160 145 154 167 135 155 177 
180 160 293 300 178 175 156 164 158 145 164 182 166 168 158 153 
158 166 181 178 181 145 195 159 154 189 136 163 165 150 159 146 
