1026 1104 1084 1143 1156 1080 1078 1109 1032 1075 1045 1031 1025 999 963 997 
1110 1216 1162 1324 1317 1224 1174 1209 1188 1137 1065 1117 1121 1048 1090 1003 
1236 1296 1351 1386 1431 1299 1248 1209 1153 1138 1163 1146 1121 1112 1045 985 
1277 1526 1610 1636 1604 1498 1434 1434 1156 1214 1177 1127 1162 1101 1050 980 
1487 1762 2089 2207 1973 1714 1597 1447 1336 1230 1204 1182 1109 1122 1085 1081 
1675 2337 3219 3590 3035 2123 1719 1581 1323 1295 1244 1183 1184 1059 1047 1052 
2037 3366 19299 53641 8620 2638 2022 1579 1444 1298 1221 1192 1125 1157 1138 1085 
2151 4573 51254 94131 22892 3066 2055 1685 1362 1262 1153 1223 1193 1102 1064 1104 
2076 3204 19732 48999 7731 2817 1986 1571 1440 1275 1264 1167 1213 1156 1087 1017 
1687 2215 3216 3510 2793 2186 1769 1547 1407 1317 1274 1184 1182 1127 1091 1034 
1470 1844 2097 2159 2118 1732 1631 1390 1366 1199 1198 1140 1148 1110 1116 1005 
1287 1394 1602 1672 1592 1459 1395 1267 1320 1206 1188 1087 1133 1102 1106 1013 
1251 1288 1359 1454 1423 1388 1299 1249 1270 1156 1173 1114 1162 1110 1043 1024 
1107 1187 1251 1278 1254 1269 1216 1244 1197 1277 1252 1161 1104 1075 1116 1040 
1062 1124 1183 1171 1198 1181 1144 1145 1099 1181 1116 1067 1070 1074 1054 978 
1001 1000 995 994 1092 1087 1064 1053 1057 1041 1009 994 1009 1041 982 965 
