1444 1706 1978 2139 1855 1706 1434 1351 1256 1180 1167 1111 1191 1117 1053 949 
1692 2405 4021 4194 3022 2221 1746 1412 1362 1328 1240 1239 1188 1149 1083 1108 
2032 3776 19304 52750 12020 2636 1943 1663 1523 1370 1255 1264 1225 1194 1200 1082 
2083 4162 52491 87568 18651 2832 1956 1671 1546 1389 1266 1269 1209 1215 1145 1087 
1925 2844 11999 18401 5917 2470 1916 1520 1488 1374 1345 1325 1290 1221 1194 1121 
1640 2216 2714 2851 2486 2014 1668 1591 1407 1320 1288 1234 1215 1227 1184 1110 
1470 1775 1934 1932 1831 1566 1573 1497 1419 1361 1204 1231 1211 1288 1202 1050 
1346 1460 1658 1564 1571 1480 1444 1404 1339 1344 1304 1241 1223 1255 1214 1115 
1179 1319 1418 1423 1464 1398 1381 1382 1291 1337 1261 1247 1269 1167 1131 1154 
1137 1288 1349 1354 1302 1396 1370 1336 1281 1290 1352 1288 1291 1203 1172 1153 
1142 1227 1313 1392 1284 1339 1279 1251 1278 1296 1195 1251 1226 1181 1251 1199 
1116 1217 1232 1253 1320 1215 1313 1312 1230 1259 1276 1231 1158 1192 1137 1127 
1127 1201 1192 1200 1251 1168 1218 1297 1288 1195 1248 1277 1162 1117 1103 1155 
1062 1172 1193 1232 1213 1195 1234 1196 1200 1143 1194 1173 1203 1141 1085 1109 
1093 1105 1179 1153 1203 1106 1152 1192 1178 1181 1153 1219 1165 1068 1091 1024 
1060 1024 1128 1126 1128 1135 1114 1121 1110 1065 1149 1167 1127 1134 1090 1070 
