1729 3299 17442 41005 9154 2093 1675 1315 1178 1221 1128 1130 1102 1047 994 1007 
1782 3212 38139 66583 14803 2412 1718 1355 1274 1234 1257 1184 1181 1095 1003 1106 
1675 2364 6771 12345 5095 2153 1664 1362 1326 1225 1259 1172 1154 1242 1087 1090 
1405 1872 2165 2454 2297 1825 1499 1418 1305 1250 1291 1229 1142 1149 1148 1140 
1273 1501 1629 1701 1672 1578 1451 1348 1302 1237 1266 1199 1247 1250 1178 1095 
1224 1331 1526 1519 1495 1467 1320 1344 1281 1277 1223 1211 1216 1158 1150 1034 
1227 1258 1306 1411 1318 1415 1262 1390 1290 1209 1309 1225 1242 1144 1080 1094 
1163 1281 1241 1295 1346 1291 1263 1238 1221 1256 1280 1175 1211 1187 1151 1127 
1122 1195 1253 1256 1272 1284 1245 1278 1215 1262 1235 1225 1189 1128 1137 1089 
1090 1196 1316 1156 1203 1240 1188 1221 1199 1192 1174 1225 1297 1136 1075 1059 
1044 1195 1206 1205 1159 1198 1228 1299 1233 1222 1185 1156 1191 1178 1149 1173 
1065 1161 1189 1119 1162 1171 1209 1198 1235 1236 1169 1323 1258 1146 1136 1117 
1021 1182 1143 1211 1191 1202 1121 1233 1232 1220 1233 1151 1136 1194 1074 1139 
1036 1070 1139 1160 1194 1182 1112 1168 1170 1187 1204 1213 1139 1169 1066 1102 
1050 1013 1112 1189 1096 1094 1211 1162 1133 1115 1135 1129 1117 1064 1072 985 
1011 1025 1073 1041 1059 1083 1037 1149 1139 1145 1131 1095 1158 1055 1049 1010 
