177 159 170 161 167 167 134 161 152 186 163 181 167 166 157 184 
171 149 142 162 168 147 161 188 147 157 134 189 151 154 194 172 
159 171 143 147 137 147 153 146 163 175 166 146 186 193 166 157 
175 166 162 125 146 148 159 176 162 160 179 170 143 172 176 161 
190 161 174 139 150 145 152 149 150 156 152 154 136 159 162 187 
161 158 143 133 162 152 170 155 168 157 169 151 147 161 160 155 
153 154 181 163 162 176 133 143 150 143 156 155 181 157 191 153 
177 143 160 159 175 183 159 178 173 168 159 168 171 142 164 195 
152 163 154 170 162 164 157 182 170 148 163 151 176 170 185 170 
161 158 180 181 187 151 157 143 132 176 161 162 157 149 168 173 
179 161 2250 3649 632 157 146 157 163 165 134 147 153 136 176 182 
162 266 7957 14930 2967 189 184 167 153 163 153 148 144 173 170 169 
162 251 2442 8066 1456 146 174 144 161 168 141 141 161 145 185 196 
188 166 247 235 197 180 152 170 148 146 148 138 178 184 159 181 
145 170 162 148 148 177 177 176 145 164 149 155 136 175 165 182 
161 134 190 179 141 177 165 156 146 151 174 159 182 157 152 194 
