184 162 159 162 176 168 154 189 162 194 160 176 189 189 189 159 
169 156 162 176 156 164 155 150 162 158 162 149 147 180 148 163 
148 163 144 162 153 147 131 169 150 165 143 171 135 155 166 152 
138 138 168 160 147 164 154 153 162 132 149 176 140 162 169 152 
139 142 121 146 148 159 151 159 136 175 163 143 137 162 165 146 
141 158 161 165 145 146 145 156 143 152 135 146 168 165 147 149 
162 150 145 170 159 130 140 163 145 152 158 160 137 176 152 165 
155 173 149 148 132 134 159 152 156 157 168 142 154 159 159 172 
154 170 149 140 145 164 143 136 159 145 158 155 156 144 142 175 
147 139 158 150 131 145 153 154 137 151 138 168 150 154 136 169 
145 132 159 155 134 123 158 136 151 138 146 156 166 162 149 163 
149 142 143 166 140 167 126 145 167 154 151 147 142 158 173 164 
182 152 170 156 148 171 136 151 144 154 134 156 142 142 169 176 
175 172 179 182 179 166 186 132 142 147 169 146 145 142 155 195 
166 172 538 1396 518 159 169 149 157 131 153 138 151 142 159 156 
179 206 4505 8889 1750 176 162 143 146 178 153 179 147 157 159 174 
