183 163 172 164 189 141 180 167 198 189 195 190 190 138 152 169 
155 151 185 149 182 177 171 160 154 188 159 179 173 166 174 169 
153 157 168 162 195 149 162 163 160 170 155 165 143 146 153 166 
150 164 125 165 160 145 144 146 130 154 178 133 169 137 154 130 
152 148 175 146 153 161 158 149 143 158 163 141 148 169 165 180 
134 168 146 138 150 174 138 157 154 143 159 189 159 155 171 187 
143 162 136 155 162 149 165 144 165 161 182 180 167 176 151 172 
152 182 163 168 146 153 140 181 160 175 166 152 160 166 139 168 
146 163 146 168 162 143 137 170 134 152 176 153 182 160 154 195 
173 156 146 167 147 178 163 143 150 159 155 151 158 157 175 169 
164 167 161 177 138 159 158 161 143 152 151 167 144 171 152 172 
169 165 180 193 203 179 154 148 156 137 141 158 169 149 153 166 
176 172 947 1887 576 182 160 155 137 163 142 163 157 156 160 153 
175 237 6767 12514 2324 153 172 178 174 146 150 165 136 113 158 175 
188 285 2389 6959 1293 165 165 124 150 180 129 157 151 150 157 149 
159 174 401 353 199 166 135 157 156 157 151 150 161 156 144 165 
