1025 1158 1107 1140 1122 1135 1159 1216 1099 1110 1118 1079 1058 1059 1019 997 
1114 1189 1238 1173 1304 1224 1268 1254 1120 1159 1167 1147 1174 1123 1097 1147 
1207 1351 1324 1367 1402 1340 1333 1280 1249 1313 1171 1187 1228 1170 1174 1037 
1307 1391 1512 1501 1391 1488 1423 1373 1257 1328 1261 1114 1138 1171 1163 1104 
1408 1519 1757 1703 1684 1538 1503 1388 1337 1313 1270 1250 1236 1158 1139 1070 
1653 1905 2163 2248 2100 1761 1632 1444 1437 1396 1368 1240 1183 1174 1155 1106 
1864 2490 3433 3617 3019 2307 1898 1606 1409 1419 1271 1296 1224 1204 1149 1151 
2116 3435 21714 51839 8113 2891 1960 1578 1497 1359 1340 1194 1224 1186 1169 1195 
2261 4868 55091 100312 23710 3307 2170 1746 1456 1435 1389 1321 1215 1263 1178 1118 
2200 3687 20710 57028 9231 2840 2045 1759 1457 1324 1330 1247 1266 1166 1141 1113 
1874 2579 3370 3851 3013 2389 1835 1589 1542 1321 1312 1267 1203 1175 1209 1089 
1611 1892 2217 2272 2121 1823 1715 1528 1473 1325 1288 1287 1251 1197 1078 1175 
1422 1578 1667 1776 1803 1667 1475 1392 1402 1311 1284 1160 1196 1261 1137 1055 
1251 1415 1428 1572 1503 1382 1349 1382 1273 1191 1236 1187 1199 1133 1039 1011 
1209 1261 1345 1301 1365 1347 1319 1247 1242 1112 1161 1207 1183 1142 1093 1047 
1029 1107 1137 1167 1216 1168 1166 1182 1142 1137 1128 1061 1044 1050 1032 1005 
