156 183 308 372 170 179 177 139 151 142 166 155 158 179 148 168 
164 305 2359 6829 1359 155 164 127 158 165 166 149 148 151 151 177 
155 272 6933 12259 2246 153 131 156 150 146 176 156 142 154 141 149 
182 186 938 2010 524 151 137 146 152 162 167 167 161 154 159 158 
168 165 163 162 167 153 154 173 145 159 162 166 163 162 154 158 
155 171 160 156 170 164 157 159 163 138 165 174 154 148 153 198 
141 174 146 158 142 165 175 167 166 147 151 161 167 161 161 186 
166 145 142 138 131 165 164 158 141 168 159 129 156 174 146 169 
169 150 177 147 134 143 162 147 156 157 183 158 141 143 172 169 
155 154 147 150 138 151 149 151 169 139 161 149 137 161 165 170 
155 154 149 153 143 188 152 161 136 159 141 183 198 147 167 170 
145 162 149 134 157 171 179 150 144 148 160 137 170 159 162 186 
161 140 150 164 177 180 136 145 183 160 184 155 136 169 155 159 
166 155 152 137 157 166 151 151 166 154 170 152 159 184 167 180 
145 166 172 164 163 190 157 147 151 166 146 162 166 173 180 147 
153 166 171 163 190 200 175 159 204 169 164 175 156 147 162 185 
