156 153 153 132 147 159 145 159 147 160 159 152 148 160 181 161 
162 154 138 146 146 147 152 142 146 141 129 176 155 180 147 160 
154 170 144 151 169 148 136 149 127 159 135 163 168 157 168 161 
159 133 137 144 142 149 142 120 162 140 151 158 160 156 170 169 
166 126 157 144 145 145 135 164 147 148 143 153 129 177 167 186 
156 143 139 166 177 139 134 135 146 147 149 156 134 136 148 162 
173 151 135 163 149 151 136 140 155 143 160 151 147 137 128 178 
142 158 169 167 168 153 134 145 131 138 154 156 171 160 174 167 
156 184 172 207 146 169 134 147 140 164 146 200 144 166 132 194 
162 185 2733 4680 542 162 150 162 155 172 169 154 135 145 148 162 
166 331 7697 14586 2968 154 144 147 165 169 163 141 146 147 144 160 
160 242 2306 8445 1235 148 146 153 180 167 157 156 145 132 157 162 
181 161 191 200 176 162 122 129 173 121 167 147 151 126 149 182 
163 148 173 155 165 139 142 147 154 155 164 148 146 168 146 170 
126 142 142 146 165 128 125 165 152 139 163 167 146 152 161 139 
146 166 164 132 163 142 162 153 162 165 133 164 174 142 144 160 
