144 193 145 165 167 150 184 167 176 166 170 189 161 134 182 186 
132 172 148 148 163 160 169 181 164 155 154 156 142 151 198 164 
153 147 163 165 169 162 149 157 145 161 169 166 177 138 152 160 
164 161 148 146 160 145 165 154 141 158 159 159 168 156 159 158 
164 151 154 133 141 134 177 171 162 155 171 161 183 176 172 157 
144 134 151 146 183 138 150 162 159 145 173 153 165 176 157 156 
156 143 146 144 149 159 172 168 158 149 171 168 165 149 163 141 
153 193 197 183 176 161 167 137 152 166 156 157 142 174 173 154 
174 190 2825 6320 672 153 160 167 145 165 173 147 142 190 145 171 
192 341 8216 15429 3082 186 161 151 148 164 148 159 170 155 164 144 
174 237 2618 9097 1070 159 171 155 173 135 161 151 148 155 166 171 
146 169 192 178 182 173 145 183 148 151 175 172 165 164 143 159 
161 161 178 143 154 150 163 126 169 149 138 138 164 163 144 160 
191 155 188 141 156 164 169 156 159 167 165 129 147 156 139 165 
184 168 151 142 158 152 162 148 142 160 159 146 146 167 161 190 
187 134 167 178 158 168 132 156 149 192 142 177 167 148 166 150 
