1020 1002 1098 1043 1042 1112 1119 1105 1106 1162 1175 1100 1065 1072 1010 1023 
951 1097 1162 1139 1226 1234 1195 1119 1123 1166 1199 1137 1146 1133 1126 1065 
1063 1075 1185 1228 1216 1184 1147 1220 1159 1132 1238 1189 1161 1264 1103 1102 
1056 1088 1157 1324 1246 1151 1179 1246 1152 1218 1158 1166 1195 1215 1186 1078 
1094 1190 1189 1150 1291 1339 1284 1203 1218 1260 1267 1242 1227 1231 1180 1162 
1039 1262 1217 1242 1274 1258 1299 1285 1240 1205 1218 1296 1213 1236 1159 1081 
1086 1185 1219 1258 1243 1224 1272 1248 1358 1363 1269 1287 1234 1233 1239 1117 
1148 1348 1273 1367 1278 1306 1363 1282 1288 1281 1253 1235 1217 1173 1135 1110 
1242 1336 1338 1429 1338 1449 1368 1335 1300 1234 1240 1204 1281 1190 1138 1116 
1349 1478 1452 1564 1415 1568 1433 1291 1261 1237 1273 1247 1263 1190 1151 1097 
1475 1679 1796 1907 1744 1678 1581 1396 1365 1233 1315 1303 1282 1204 1183 1111 
1606 1990 2458 2747 2322 1875 1647 1484 1378 1291 1284 1298 1236 1229 1086 1130 
1796 2605 8918 15186 5705 2357 1719 1561 1423 1299 1293 1233 1159 1227 1165 1048 
1866 3750 45405 79293 17422 2646 1799 1578 1349 1248 1286 1286 1138 1108 1125 1058 
1876 3557 17448 45794 10765 2477 1816 1532 1360 1300 1212 1169 1061 1147 1054 1001 
1492 2182 3772 4259 2554 1896 1525 1382 1226 1166 1120 1131 1058 1058 1107 1007 
