1005 1111 1064 1130 1182 1076 1141 1132 1172 1154 1127 1084 1125 1029 1141 1020 
1101 1140 1205 1189 1199 1235 1313 1261 1245 1159 1133 1152 1133 1133 1085 1063 
1120 1262 1305 1230 1298 1285 1289 1235 1215 1260 1275 1226 1207 1117 1132 1027 
1160 1233 1310 1336 1367 1356 1356 1383 1260 1311 1280 1234 1241 1154 1141 1095 
1294 1380 1439 1484 1466 1395 1431 1316 1354 1306 1266 1205 1206 1173 1175 1059 
1377 1433 1717 1666 1696 1570 1524 1469 1423 1287 1277 1273 1269 1271 1188 1137 
1565 1888 2144 2248 2087 1815 1686 1613 1406 1289 1407 1236 1273 1212 1214 1110 
1880 2629 3328 3570 2967 2343 1847 1593 1466 1416 1333 1228 1195 1305 1139 1123 
2119 3558 21988 43287 7543 2716 2090 1724 1566 1478 1414 1206 1219 1302 1155 1084 
2249 4978 55774 100226 23189 3261 2170 1609 1532 1400 1400 1249 1368 1197 1172 1100 
2125 3759 20683 60127 10500 2873 2100 1672 1499 1374 1307 1195 1225 1193 1146 1096 
1801 2565 3541 3859 3192 2359 1858 1634 1439 1360 1350 1195 1215 1243 1102 1086 
1534 1957 2282 2206 2230 1886 1696 1459 1441 1335 1304 1199 1259 1189 1168 1157 
1448 1500 1738 1711 1739 1605 1578 1385 1253 1321 1242 1164 1239 1177 1100 1084 
1320 1417 1448 1427 1437 1426 1369 1329 1275 1210 1253 1247 1095 1135 1123 1098 
1154 1139 1293 1297 1265 1259 1159 1186 1193 1173 1130 1064 1067 1090 1025 982 
