163 153 171 174 159 182 146 145 133 171 152 168 199 168 170 167 
202 171 151 199 177 163 154 163 149 157 149 155 158 153 170 173 
152 168 242 235 174 152 160 168 151 162 187 147 155 138 164 158 
196 267 2480 8301 1488 163 148 154 150 170 132 159 179 144 156 164 
169 313 8102 14780 2742 190 162 155 144 153 153 145 147 189 153 190 
206 185 2228 3487 634 174 157 156 147 171 166 169 152 167 175 173 
201 170 158 172 176 152 148 156 138 147 149 151 149 176 172 165 
154 175 177 168 158 166 149 165 155 130 159 169 150 176 185 194 
146 144 129 163 149 156 144 168 172 162 169 182 183 185 159 164 
139 167 141 146 151 163 195 146 137 165 162 149 189 159 168 173 
173 166 154 133 153 159 146 169 160 143 133 141 143 146 144 184 
150 155 151 138 177 170 153 170 166 174 151 165 171 152 153 194 
151 148 162 158 150 164 148 173 135 147 174 158 149 165 160 170 
156 149 154 153 132 163 171 161 159 178 154 141 159 158 167 150 
151 154 160 154 149 189 169 133 143 165 183 165 142 157 170 180 
155 174 147 175 172 136 139 159 169 160 173 192 181 201 180 191 
