927 974 1032 968 1024 1017 1030 979 1053 1012 993 949 999 1002 961 879 
1043 1052 1030 1120 1105 1117 1058 1029 1096 1111 1080 1091 1041 1043 1020 945 
1044 1084 1101 1223 1161 1197 1241 1129 1163 1099 1073 1059 1031 1088 1018 978 
1057 1138 1173 1299 1248 1339 1286 1195 1245 1192 1178 1107 1133 1125 1052 1061 
1106 1270 1315 1393 1461 1381 1296 1244 1235 1216 1185 1158 1048 1147 1084 980 
1179 1413 1535 1578 1664 1630 1452 1411 1340 1215 1201 1156 1142 1200 1127 1010 
1245 1574 1817 2105 2204 2007 1793 1565 1377 1322 1214 1171 1136 1133 1119 1052 
1476 1764 2334 3161 3460 2905 2121 1799 1517 1365 1243 1275 1212 1160 1014 1061 
1557 2073 3338 21987 46226 8366 2752 1923 1582 1430 1325 1220 1165 1121 1042 1004 
1634 2321 4315 53359 93513 31577 3267 2050 1658 1392 1326 1220 1196 1116 1070 1019 
1531 2168 3525 19489 58654 14449 2881 1977 1629 1413 1285 1205 1239 1171 1177 1115 
1482 1926 2468 3302 3699 3046 2317 1794 1477 1343 1233 1191 1179 1071 1076 989 
1285 1625 1824 2253 2285 2049 1777 1543 1328 1269 1199 1257 1171 1063 1044 997 
1186 1386 1484 1583 1640 1595 1554 1351 1358 1218 1193 1117 1152 1117 1016 968 
1178 1235 1288 1291 1382 1372 1386 1259 1263 1257 1126 1184 1093 1017 1024 1006 
1000 1029 1158 1171 1218 1172 1142 1143 1078 1075 1047 1086 1011 991 958 935 
