154 169 167 185 177 180 190 179 136 152 152 171 202 164 138 178 
187 155 174 154 149 179 165 163 163 179 181 175 184 167 177 176 
140 157 188 172 168 140 158 169 174 182 157 153 165 171 167 162 
196 141 157 167 159 147 171 165 170 177 161 140 173 155 175 179 
187 144 169 146 146 151 155 136 150 147 159 182 149 168 172 178 
186 162 157 167 138 159 164 185 168 161 166 182 156 149 150 156 
157 162 169 184 152 180 178 130 156 158 167 156 150 184 173 186 
166 172 166 172 151 159 179 164 158 156 180 159 165 136 167 189 
156 152 195 186 208 173 167 166 154 188 172 153 164 153 186 190 
172 181 180 3077 5578 689 182 151 156 162 171 143 171 145 149 157 
163 152 280 9180 15908 4363 179 175 161 166 147 173 179 168 136 155 
179 154 225 2783 9569 2315 180 154 151 151 158 169 158 151 160 206 
155 167 154 204 222 157 174 145 170 173 153 142 155 150 132 178 
153 159 160 178 184 149 170 182 165 156 152 164 148 153 147 164 
165 172 176 162 199 156 165 168 171 158 148 156 171 137 173 152 
168 154 165 168 182 186 135 146 168 156 149 158 143 148 167 181 
