1152 1483 2268 31393 60525 14665 1926 1407 1245 1122 1138 1097 1012 1054 960 987 
1188 1501 1941 5342 10333 4779 1773 1485 1255 1255 1205 1224 1166 1146 1114 1065 
1186 1401 1621 1827 2159 1907 1549 1396 1269 1252 1180 1156 1148 1121 1137 1048 
1106 1333 1395 1502 1597 1559 1383 1320 1329 1272 1184 1165 1135 1133 1082 1022 
1058 1213 1274 1292 1373 1336 1374 1265 1267 1186 1221 1168 1168 1126 1119 1070 
1136 1185 1235 1268 1270 1318 1232 1298 1303 1188 1138 1157 1191 1191 1132 1058 
1167 1125 1178 1182 1201 1297 1263 1149 1293 1206 1145 1263 1163 1101 1114 1089 
1084 1125 1275 1187 1192 1268 1165 1161 1276 1230 1191 1219 1223 1198 1160 1065 
1051 1150 1141 1200 1270 1201 1262 1248 1237 1231 1206 1211 1251 1103 1119 1040 
1050 1183 1146 1195 1111 1231 1180 1244 1248 1202 1202 1186 1195 1250 1122 1091 
1031 1110 1215 1145 1211 1222 1191 1241 1250 1136 1232 1165 1171 1152 1164 1088 
1014 1092 1124 1146 1195 1168 1189 1182 1218 1217 1160 1182 1141 1183 1113 1109 
1059 1074 1140 1128 1161 1238 1141 1200 1169 1207 1212 1178 1215 1109 1103 1116 
962 1095 1078 1089 1206 1110 1134 1215 1117 1151 1233 1161 1200 1088 1095 990 
1008 1077 1104 1100 1170 1135 1153 1137 1152 1108 1117 1146 1117 1070 1118 1003 
1016 1074 1056 1105 1091 1102 1166 1016 1184 1128 1102 1034 1139 1046 1076 1046 
