973 1131 1143 1185 1156 1157 1184 1169 1104 1173 1116 1157 1235 1057 994 1035 
1105 1086 1251 1250 1200 1246 1236 1213 1260 1266 1228 1162 1194 1145 1121 1041 
1096 1127 1250 1261 1337 1277 1344 1238 1297 1245 1253 1228 1204 1182 1122 1027 
1168 1229 1263 1358 1360 1322 1380 1346 1320 1340 1292 1263 1308 1208 1207 1131 
1246 1293 1361 1431 1358 1401 1383 1329 1369 1353 1314 1293 1214 1165 1190 1139 
1330 1358 1436 1556 1529 1570 1496 1485 1370 1281 1326 1348 1325 1244 1194 1131 
1262 1542 1662 1784 1878 1792 1673 1550 1412 1440 1422 1359 1278 1322 1301 1154 
1441 1639 1969 2254 2278 2177 1943 1674 1529 1489 1431 1372 1362 1196 1231 1156 
1601 1975 2662 3290 3667 3029 2432 1934 1640 1534 1375 1298 1389 1254 1249 1160 
1646 2251 3601 23531 39048 7984 2962 2227 1681 1526 1423 1385 1336 1187 1206 1162 
1697 2450 4754 60776 103676 31479 3530 2343 1825 1515 1475 1492 1291 1217 1171 1148 
1780 2356 4033 21869 63517 17877 3226 2176 1734 1531 1369 1423 1354 1282 1169 1235 
1581 2065 2569 3751 4312 3485 2595 2042 1638 1467 1372 1347 1330 1134 1172 1135 
1453 1691 2027 2344 2508 2256 2005 1765 1555 1429 1310 1295 1299 1209 1153 1158 
1377 1465 1660 1837 1856 1757 1679 1554 1427 1364 1235 1272 1198 1148 1162 1068 
1218 1291 1347 1416 1413 1510 1383 1339 1255 1184 1125 1138 1099 1117 1061 988 
