121 166 133 154 148 149 152 152 142 137 137 139 115 161 149 150 
140 147 144 155 158 139 138 126 148 164 154 145 154 148 151 164 
150 158 147 142 165 156 149 158 162 145 146 156 158 174 176 177 
161 134 158 142 154 143 145 150 164 132 149 150 158 159 140 147 
149 139 157 164 173 191 139 132 146 132 139 138 141 132 146 132 
167 163 214 2605 9363 1677 179 154 185 144 162 159 168 152 159 145 
141 143 248 8338 14838 4551 160 153 144 130 135 131 149 139 138 144 
138 175 164 3120 7077 837 178 158 147 135 169 143 147 130 161 164 
139 144 168 169 163 170 144 140 172 157 137 154 150 148 159 180 
155 138 153 159 176 135 152 151 153 162 160 136 159 154 163 164 
151 157 153 162 146 138 156 151 165 143 160 164 130 144 154 153 
156 132 132 151 137 138 147 164 151 129 152 151 135 166 154 145 
154 165 148 153 146 156 146 178 156 145 143 150 150 132 176 148 
131 153 136 151 155 155 153 154 141 143 124 144 152 148 134 157 
150 116 152 140 131 132 159 156 148 133 160 158 138 121 133 168 
175 159 144 148 152 169 165 150 153 178 156 145 133 161 177 160 
