1000 1127 1223 1273 1304 1267 1222 1209 1159 1041 1106 1099 976 1023 1017 886 
1110 1329 1402 1581 1572 1633 1450 1337 1179 1233 1147 1108 1105 1036 1038 928 
1333 1530 1780 2112 2213 1986 1731 1592 1257 1264 1196 1196 1089 1112 1034 976 
1456 1871 2409 3294 3717 3148 2279 1686 1527 1369 1204 1255 1128 1104 1126 978 
1543 2013 3425 18362 55787 16511 2827 1966 1507 1403 1298 1252 1152 1166 1124 991 
1563 2256 4083 53167 92581 29185 3225 2047 1609 1450 1274 1236 1151 1166 1040 976 
1501 2045 3256 20880 35935 7410 2634 1923 1521 1396 1240 1211 1157 1041 1093 1055 
1444 1834 2343 3007 3240 2865 2281 1795 1484 1373 1280 1226 1144 1120 1045 982 
1260 1598 1831 2064 2129 1929 1792 1552 1448 1285 1181 1211 1191 1109 1132 1020 
1166 1360 1478 1534 1582 1525 1415 1407 1291 1151 1266 1200 1156 1106 1053 1040 
1188 1282 1340 1329 1366 1329 1363 1305 1268 1254 1205 1172 1109 1133 1058 983 
1062 1153 1233 1236 1304 1273 1220 1297 1134 1243 1075 1157 1179 1074 1047 1051 
1024 1143 1151 1148 1275 1270 1186 1139 1209 1114 1159 1123 1076 1089 1024 1055 
1001 1035 1158 1078 1222 1178 1189 1082 1222 1130 1098 1107 1152 1066 967 1014 
949 1041 1062 1080 1055 1119 1141 1132 1065 1089 1085 1038 1010 1022 1041 915 
879 923 974 1048 1072 1049 1020 1068 996 1008 1069 973 1001 912 909 879 
