999 1054 1096 1123 1175 1171 1132 1091 1102 1113 1094 1148 1104 1048 1147 1086 
978 1089 1073 1122 1225 1173 1186 1287 1137 1139 1120 1125 1136 1154 1132 1038 
1079 1101 1129 1103 1141 1197 1201 1201 1156 1184 1156 1150 1183 1170 1139 1106 
1087 1074 1140 1209 1173 1232 1198 1178 1232 1293 1191 1145 1223 1128 1126 1105 
1017 1213 1224 1145 1190 1204 1272 1242 1219 1223 1254 1222 1135 1244 1149 1056 
1124 1212 1196 1262 1238 1259 1262 1254 1236 1291 1202 1158 1181 1115 1207 1087 
1177 1189 1309 1275 1298 1231 1272 1296 1221 1270 1229 1224 1186 1208 1194 1098 
1092 1203 1264 1259 1264 1179 1208 1217 1241 1213 1266 1224 1173 1201 1110 1125 
1162 1158 1230 1267 1395 1341 1315 1305 1255 1295 1243 1141 1257 1150 1156 1095 
1180 1269 1334 1369 1401 1438 1332 1357 1342 1310 1275 1178 1226 1231 1188 1097 
1162 1355 1456 1454 1487 1485 1394 1411 1451 1325 1309 1249 1207 1130 1215 1089 
1236 1518 1630 1741 1772 1715 1635 1529 1446 1381 1257 1217 1178 1285 1152 1120 
1341 1631 1944 2271 2594 2260 1879 1613 1446 1366 1338 1157 1235 1177 1196 1089 
1413 1818 2473 6870 12533 5327 2343 1745 1439 1407 1326 1164 1225 1197 1132 1071 
1434 1822 3137 41584 74602 18168 2605 1841 1471 1362 1233 1147 1176 1123 1110 993 
1414 1765 3180 17912 44721 12381 2343 1615 1408 1249 1154 1127 1086 1083 1008 987 
