159 175 140 127 162 164 182 165 173 148 147 150 148 162 159 156 
148 160 156 144 208 152 158 156 138 138 143 153 154 149 133 166 
144 145 170 163 120 149 137 163 165 134 144 159 142 149 143 170 
151 148 158 152 145 164 158 155 153 161 139 162 156 138 160 177 
142 166 143 169 156 177 159 154 151 134 151 159 168 163 176 159 
155 185 168 218 191 168 149 179 175 167 139 157 163 138 139 162 
131 168 197 2847 9703 1394 171 148 149 133 148 137 123 131 167 173 
167 161 268 8784 15552 4775 185 175 140 163 148 134 146 154 154 165 
165 177 180 3095 8879 1046 174 167 138 134 163 181 152 163 160 162 
131 158 183 206 177 166 155 137 152 143 143 157 158 158 172 164 
180 165 145 148 167 167 148 148 159 164 145 159 156 154 170 162 
158 179 170 153 186 136 141 161 130 163 136 174 149 156 162 167 
157 149 141 136 152 143 164 154 170 152 169 181 146 184 149 163 
144 156 168 132 151 144 134 179 187 137 164 149 169 169 150 148 
135 167 151 129 133 139 151 154 145 179 162 165 126 145 156 180 
151 168 142 154 150 142 146 174 184 189 164 160 143 167 155 161 
