1015 1133 1140 1165 1183 1172 1188 1129 1243 1123 1072 1063 1104 1091 1068 978 
1091 1182 1352 1375 1419 1311 1303 1244 1268 1160 1209 1171 1203 1152 1023 1087 
1166 1333 1461 1545 1510 1547 1434 1365 1354 1252 1226 1228 1197 1186 1171 1065 
1274 1574 1694 1869 1842 1806 1647 1537 1449 1386 1338 1294 1263 1215 1207 1089 
1426 1749 1932 2264 2455 2307 1956 1727 1557 1455 1334 1335 1229 1265 1202 1061 
1586 2028 2633 3611 4140 3408 2474 2016 1734 1513 1394 1298 1319 1170 1101 1074 
1676 2336 3668 22535 64254 12849 3297 2191 1809 1533 1370 1287 1203 1204 1194 1077 
1709 2418 4859 59029 101602 34770 3684 2368 1771 1582 1319 1337 1263 1177 1177 1111 
1724 2323 3765 23904 59444 10524 3167 2110 1671 1518 1383 1282 1326 1194 1061 1029 
1538 1995 2756 3616 3904 3324 2435 1877 1655 1434 1334 1362 1350 1240 1202 1135 
1419 1765 1906 2258 2326 2263 1902 1717 1540 1449 1326 1342 1211 1164 1156 1073 
1256 1554 1611 1792 1820 1760 1672 1550 1435 1369 1294 1254 1240 1220 1139 1083 
1287 1365 1433 1461 1482 1506 1376 1406 1347 1344 1294 1242 1224 1213 1130 1099 
1142 1265 1317 1302 1375 1290 1304 1297 1311 1233 1203 1160 1207 1114 1083 1031 
1088 1200 1212 1280 1291 1249 1263 1226 1149 1204 1151 1195 1076 1106 1091 1087 
1052 1073 1162 1113 1125 1132 1084 1146 1184 1190 1058 1113 1081 1094 1024 982 
