155 126 114 131 145 142 161 133 147 159 130 163 169 153 150 174 
158 138 148 128 124 139 144 150 132 139 151 148 122 143 163 137 
158 137 134 135 175 136 143 140 136 109 140 154 138 144 138 120 
143 133 136 135 142 148 156 156 126 136 143 130 104 135 154 153 
136 127 122 130 159 166 144 114 146 135 154 128 131 136 143 147 
143 134 148 154 143 164 152 150 144 131 151 137 163 129 144 144 
154 159 140 153 176 174 142 156 156 128 127 138 155 118 148 150 
152 143 171 2782 8333 1006 160 134 135 155 133 138 140 146 129 161 
138 140 246 7962 14206 4609 157 162 146 153 152 134 136 150 142 163 
166 125 187 2621 8817 1372 168 171 141 149 132 116 151 148 127 136 
128 145 159 161 147 158 135 135 155 148 144 139 140 142 129 139 
135 145 127 152 145 148 141 143 151 152 138 146 125 152 150 137 
152 144 171 139 149 120 153 123 134 136 124 140 145 146 139 145 
154 148 145 141 170 145 149 150 148 142 146 125 153 143 136 158 
130 123 147 150 150 128 128 147 142 141 105 125 138 134 151 140 
151 164 159 141 154 152 149 150 144 138 154 150 154 155 137 145 
