161 146 228 2410 6716 1596 153 176 158 164 175 173 154 164 171 176 
156 151 185 6266 11520 2549 171 170 159 167 145 160 153 179 159 142 
184 158 191 713 1579 546 194 155 141 140 173 169 142 144 144 153 
161 162 165 165 181 174 166 168 137 134 166 158 141 140 166 167 
157 157 141 157 141 157 143 136 166 146 155 136 148 188 145 160 
167 151 148 138 172 159 150 157 138 148 137 143 166 163 155 166 
159 154 120 150 153 155 152 182 143 151 118 147 151 149 130 165 
144 166 173 176 139 149 165 131 172 145 137 149 175 165 159 150 
192 162 142 149 147 146 136 155 166 155 157 185 152 139 174 175 
155 146 161 174 154 137 144 164 150 162 127 155 165 149 176 156 
156 137 159 144 183 160 142 133 142 155 172 160 143 168 147 150 
149 166 147 181 164 168 170 137 141 146 149 153 155 155 160 154 
155 161 164 152 161 159 145 156 161 171 155 130 142 187 173 184 
170 162 178 160 173 154 131 141 148 144 135 170 153 166 175 168 
177 164 176 183 161 184 183 164 169 167 156 144 150 169 174 178 
157 170 191 150 176 175 173 155 177 159 186 175 181 194 173 202 
