1407 1625 2286 3985 4705 2773 1989 1652 1401 1226 1163 1105 1118 1099 1039 1045 
1476 1934 3472 18626 48450 14987 2634 1845 1484 1335 1282 1204 1213 1147 1127 1094 
1602 2123 3476 49672 86409 22090 2824 1989 1554 1449 1264 1285 1153 1231 1091 1021 
1488 1908 2798 8922 16115 5842 2569 1889 1498 1443 1308 1244 1311 1220 1136 1105 
1434 1730 2054 2624 2859 2452 1997 1682 1562 1337 1339 1276 1215 1187 1147 1126 
1240 1479 1634 1888 1927 1833 1721 1580 1458 1336 1247 1304 1282 1255 1138 1119 
1198 1432 1537 1583 1624 1547 1519 1523 1335 1346 1350 1379 1311 1168 1151 1084 
1207 1332 1331 1502 1367 1523 1362 1354 1321 1360 1323 1246 1194 1131 1226 1121 
1172 1232 1289 1346 1400 1415 1325 1354 1308 1280 1293 1252 1212 1198 1101 1160 
1192 1229 1253 1272 1331 1294 1289 1278 1275 1249 1279 1223 1257 1189 1146 1114 
1169 1173 1226 1224 1272 1280 1246 1284 1279 1204 1270 1272 1223 1164 1203 1081 
1084 1228 1172 1189 1226 1261 1266 1207 1202 1207 1224 1273 1223 1201 1144 1137 
1070 1116 1242 1194 1200 1272 1284 1271 1195 1256 1170 1234 1136 1201 1128 1131 
1112 1128 1172 1207 1225 1231 1209 1204 1210 1212 1178 1238 1151 1204 1078 1074 
1003 1076 1102 1158 1151 1120 1149 1167 1118 1144 1161 1171 1149 1159 1097 1033 
982 1178 1068 1117 1169 1148 1075 1089 1136 1099 1089 1202 1105 1156 1074 1056 
