128 122 164 139 142 141 158 160 169 164 155 137 142 163 182 162 
152 137 122 164 137 147 175 145 157 151 158 135 162 130 148 130 
142 141 154 137 115 140 158 143 169 134 130 132 158 153 145 135 
136 163 142 151 132 146 147 146 146 145 150 140 141 144 128 161 
140 131 116 157 139 136 122 159 149 126 144 133 142 152 139 156 
119 147 127 125 136 157 144 125 153 126 139 133 128 136 145 175 
144 148 123 164 146 159 151 142 167 144 134 160 144 138 147 147 
168 140 151 149 161 148 139 156 138 156 134 142 141 152 128 149 
143 144 174 2990 6861 810 153 138 149 125 138 158 129 132 150 162 
163 174 238 7935 14320 4448 153 141 157 129 145 141 149 131 154 144 
171 169 182 2450 9073 1741 150 157 137 139 168 149 149 152 138 166 
175 141 171 171 166 169 165 137 144 141 137 159 136 134 129 138 
138 142 148 156 160 145 123 128 120 131 146 163 132 141 141 160 
149 155 128 143 139 144 139 136 166 142 157 153 144 159 143 163 
153 146 147 150 136 143 152 157 173 148 120 156 164 168 140 164 
139 121 167 136 158 141 152 150 150 146 141 152 140 147 145 153 
