978 1146 1141 1200 1287 1157 1222 1200 1187 1131 1044 1109 995 1040 1019 975 
1036 1280 1371 1436 1401 1383 1375 1310 1298 1236 1233 1173 1162 1110 1057 1096 
1202 1468 1552 1695 1753 1663 1666 1525 1400 1294 1248 1202 1141 1109 1151 1019 
1351 1650 1980 2266 2279 2259 1870 1733 1465 1371 1275 1224 1150 1124 1112 1022 
1512 1884 2433 3359 4038 3272 2335 1983 1661 1380 1301 1255 1139 1085 1093 1033 
1664 2263 3499 20613 61447 14834 3053 2196 1726 1407 1300 1312 1253 1082 1134 1108 
1663 2288 4412 55773 96215 32400 3389 2154 1728 1435 1282 1162 1242 1108 1103 1004 
1539 2111 3512 23359 47931 8573 2963 1980 1658 1422 1401 1272 1196 1170 1148 1087 
1529 1941 2504 3130 3650 3022 2343 1688 1625 1437 1322 1235 1263 1212 1094 1139 
1400 1561 1941 2253 2239 2098 1841 1639 1502 1409 1314 1220 1193 1131 1152 1094 
1205 1481 1550 1668 1712 1633 1630 1463 1402 1343 1311 1201 1219 1105 1055 1066 
1217 1273 1440 1450 1464 1423 1341 1410 1302 1274 1240 1292 1231 1155 1112 1046 
1100 1224 1267 1309 1332 1337 1331 1242 1265 1200 1168 1206 1187 1060 1155 999 
1093 1224 1129 1216 1272 1299 1262 1255 1103 1143 1135 1160 1094 1144 1063 1043 
1103 1076 1102 1141 1113 1143 1197 1202 1116 1118 1088 1097 1110 1028 1024 1024 
945 1036 1040 1044 1114 1069 1063 1027 1000 1070 1020 1056 1022 1037 988 971 
