152 158 159 150 159 158 178 126 156 168 155 145 154 129 165 183 
191 156 173 264 321 171 174 180 157 141 162 156 144 146 160 175 
163 165 256 2419 8002 2224 190 163 163 162 160 139 158 160 144 152 
171 168 237 8479 14744 3546 165 176 144 180 181 152 149 146 187 162 
148 144 185 1512 2788 608 175 161 166 151 155 155 169 147 156 159 
173 182 182 161 183 155 155 135 193 168 176 155 151 179 184 152 
149 172 160 149 189 158 162 164 146 155 152 150 154 182 138 174 
163 173 162 149 159 145 179 178 128 153 168 159 155 154 149 174 
160 130 157 145 156 168 153 146 166 158 158 155 151 153 189 175 
159 159 156 157 142 139 183 145 163 136 165 162 163 122 168 160 
159 138 149 147 148 164 166 162 158 131 167 161 166 144 148 175 
150 144 173 173 164 131 158 148 158 167 163 164 169 168 175 178 
160 162 140 140 137 172 140 174 164 157 178 166 176 186 163 198 
145 154 169 155 156 141 157 151 158 158 149 160 164 173 160 176 
168 176 160 174 163 167 152 151 160 176 162 167 155 165 161 182 
196 157 176 181 167 178 182 174 168 167 181 200 203 176 183 167 
