1043 1114 1010 1059 1142 1125 1188 1140 1112 1125 1147 1134 1135 1107 1050 1048 
1041 1142 1124 1190 1196 1181 1185 1133 1198 1191 1144 1236 1187 1101 1133 1121 
1039 1134 1187 1236 1225 1191 1239 1265 1200 1184 1261 1170 1253 1155 1104 1043 
1124 1210 1215 1210 1224 1223 1300 1257 1233 1247 1243 1268 1205 1179 1138 1147 
1090 1229 1288 1295 1262 1302 1267 1301 1251 1330 1250 1219 1297 1270 1127 1167 
1175 1170 1297 1224 1238 1247 1243 1216 1264 1323 1233 1279 1234 1220 1209 1098 
1089 1230 1241 1228 1306 1328 1262 1297 1315 1298 1299 1251 1177 1268 1153 1029 
1164 1236 1282 1342 1359 1365 1351 1399 1343 1340 1273 1239 1227 1153 1107 1055 
1129 1249 1322 1440 1423 1413 1458 1381 1337 1285 1292 1268 1166 1240 1181 1113 
1303 1421 1495 1537 1615 1519 1405 1379 1368 1326 1283 1292 1246 1245 1248 1186 
1284 1481 1685 1882 1900 1871 1666 1452 1465 1450 1340 1299 1207 1246 1205 1092 
1442 1719 2103 2514 2733 2506 2019 1666 1519 1371 1257 1302 1279 1229 1096 1102 
1550 1975 2689 8732 15399 5833 2468 1876 1609 1447 1343 1341 1277 1191 1211 1175 
1632 2081 3647 49812 85700 21632 2964 1996 1602 1429 1401 1338 1169 1189 1179 1012 
1530 1970 3551 19198 50031 15172 2673 1919 1491 1362 1260 1177 1192 1210 1151 1072 
1408 1728 2329 3977 4686 2875 2048 1668 1415 1312 1125 1185 1093 1153 1062 1095 
