1351 1512 1908 2099 2125 1997 1758 1488 1347 1265 1135 1078 1115 1039 1063 978 
1507 1869 2337 3825 4507 3166 2326 1852 1576 1375 1352 1226 1152 1160 1115 1085 
1567 2061 3609 19212 53449 17303 2845 2067 1647 1503 1387 1297 1290 1260 1103 1063 
1626 2173 4016 55476 95331 25496 3124 2131 1600 1436 1452 1262 1249 1214 1167 1113 
1559 2071 3023 12423 21276 6706 2618 1914 1661 1487 1344 1298 1283 1230 1131 1081 
1496 1755 2304 2958 3035 2582 2188 1760 1708 1459 1445 1274 1274 1313 1253 1114 
1364 1617 1791 2049 2176 1987 1767 1578 1482 1462 1452 1329 1298 1222 1192 1131 
1343 1388 1539 1701 1690 1725 1611 1492 1382 1342 1314 1252 1251 1282 1184 1163 
1254 1369 1421 1447 1504 1499 1436 1427 1370 1328 1266 1272 1249 1223 1209 1115 
1199 1251 1383 1400 1339 1404 1395 1316 1333 1351 1303 1291 1293 1197 1140 1086 
1125 1198 1293 1292 1294 1344 1368 1330 1325 1204 1297 1314 1235 1209 1134 1138 
1100 1223 1186 1317 1268 1269 1301 1309 1272 1234 1246 1282 1228 1169 1210 1093 
1083 1139 1190 1290 1205 1309 1236 1258 1282 1222 1212 1203 1202 1213 1179 1108 
1072 1133 1197 1242 1240 1234 1167 1195 1221 1255 1219 1248 1189 1176 1128 1093 
1093 1145 1126 1120 1138 1186 1186 1172 1266 1175 1184 1139 1165 1192 1106 1044 
1020 1098 1075 1127 1075 1108 1181 1121 1093 1081 1165 1178 1133 1083 1088 1072 
