174 174 152 191 184 158 139 138 160 142 160 168 164 155 150 160 
136 175 157 155 163 147 132 147 163 142 175 160 172 157 157 166 
164 168 158 172 130 158 149 187 166 178 154 140 148 160 162 150 
154 141 149 140 170 136 180 140 152 171 156 170 168 156 163 152 
179 173 161 136 172 163 166 153 154 157 160 153 148 181 172 153 
149 163 140 151 127 155 158 159 147 165 149 147 153 125 150 178 
146 136 155 172 145 138 154 175 150 142 164 177 151 170 174 182 
153 138 186 176 145 171 169 159 160 172 162 144 142 136 144 192 
171 155 168 170 164 145 170 139 169 161 142 177 161 123 171 167 
163 173 159 165 180 157 160 159 144 146 150 140 147 161 151 163 
159 175 144 2254 3958 611 161 169 134 148 165 151 153 144 162 140 
154 150 259 8603 14980 3761 191 155 164 157 155 181 171 143 174 155 
163 187 217 2598 8685 2191 161 177 152 149 145 162 149 151 159 200 
141 147 152 210 219 180 162 149 158 144 150 164 149 158 175 158 
146 160 175 142 174 155 135 166 158 143 156 169 145 147 150 156 
142 165 178 159 148 130 166 151 154 164 170 138 169 148 148 172 
