976 993 1021 1098 1004 1089 1090 1084 1168 1110 1127 1091 1048 1105 1025 1017 
986 1109 1089 1114 1145 1105 1186 1085 1187 1169 1095 1129 1135 1053 1113 1005 
1025 1039 1108 1233 1191 1173 1160 1131 1180 1190 1133 1134 1145 1173 1064 1032 
1073 1124 1186 1196 1147 1209 1150 1172 1152 1159 1134 1184 1189 1101 1119 1067 
1036 1135 1126 1124 1159 1204 1197 1235 1144 1212 1116 1194 1249 1248 1155 1091 
1012 1111 1081 1158 1193 1247 1238 1265 1191 1171 1219 1164 1208 1169 1125 1114 
1019 1098 1156 1163 1225 1153 1231 1240 1225 1235 1158 1205 1102 1178 1092 1027 
1141 1154 1188 1271 1259 1248 1194 1247 1173 1243 1172 1196 1165 1144 1157 1124 
1115 1114 1199 1210 1205 1208 1279 1231 1238 1204 1230 1240 1140 1165 1142 1077 
1056 1173 1298 1178 1151 1198 1277 1278 1245 1255 1183 1203 1204 1146 1185 1141 
1102 1205 1218 1279 1280 1284 1236 1296 1191 1202 1152 1230 1251 1097 1117 1020 
1154 1294 1319 1408 1335 1365 1310 1349 1287 1276 1211 1158 1192 1175 1122 1008 
1127 1328 1378 1580 1576 1491 1472 1292 1222 1209 1181 1168 1181 1126 1071 1063 
1182 1339 1680 1950 2160 1884 1567 1347 1324 1242 1179 1197 1198 1071 1088 1044 
1145 1511 1897 5191 10264 4621 1844 1409 1281 1140 1202 1127 1109 1058 1020 1031 
1143 1441 2212 30995 60100 14701 1898 1327 1207 1154 1099 1051 1047 1010 959 923 
