1015 1094 1072 1131 1096 1126 1050 1061 1108 1097 1116 1120 1072 1052 1023 1086 
949 1151 1168 1202 1110 1143 1112 1138 1171 1143 1152 1115 1175 1155 1086 1018 
1080 1190 1154 1254 1185 1210 1239 1338 1203 1196 1155 1150 1169 1138 1118 1111 
1110 1134 1185 1227 1252 1239 1214 1245 1265 1247 1228 1227 1199 1165 1092 1061 
1181 1243 1233 1294 1227 1302 1266 1214 1236 1292 1212 1228 1170 1167 1207 1033 
1097 1288 1266 1374 1327 1251 1332 1390 1274 1291 1283 1204 1136 1176 1136 1100 
1192 1252 1459 1548 1464 1452 1496 1374 1343 1393 1379 1275 1176 1222 1136 1082 
1306 1390 1561 1748 1707 1757 1575 1475 1420 1362 1269 1240 1223 1218 1112 1137 
1378 1562 1844 2042 2150 1908 1773 1573 1519 1393 1351 1305 1186 1197 1251 1084 
1452 1876 2298 2970 3356 2706 2244 1826 1551 1424 1291 1307 1233 1241 1112 1100 
1592 2042 3113 17884 28044 7056 2840 2013 1617 1487 1357 1297 1219 1190 1074 1055 
1691 2290 4126 56790 97200 27544 3331 2115 1751 1485 1258 1295 1309 1167 1231 1097 
1611 2128 3764 20123 57226 17667 2981 2055 1656 1420 1314 1275 1249 1201 1174 1183 
1458 1916 2545 3729 4295 3170 2388 1864 1651 1414 1335 1290 1195 1225 1178 1064 
1436 1624 1856 2130 2258 2063 1773 1586 1417 1267 1182 1245 1192 1119 1054 1082 
1121 1366 1456 1593 1610 1539 1499 1268 1206 1216 1156 1126 1119 1070 1042 1010 
