155 157 162 135 179 145 181 148 138 145 159 181 155 147 161 191 
161 145 183 150 184 188 172 184 169 154 161 157 162 152 159 145 
166 201 179 232 245 187 166 184 146 147 164 165 134 161 153 170 
199 183 230 2613 8897 2292 171 155 156 146 164 127 141 179 180 175 
180 156 293 8712 15581 3927 232 157 158 145 157 162 161 147 156 179 
181 181 187 2264 3996 687 201 164 158 146 137 163 149 151 162 169 
170 175 167 187 186 169 167 169 157 135 149 147 152 173 172 201 
171 148 174 153 190 156 174 128 143 144 150 172 159 168 152 170 
162 153 173 125 154 153 149 160 155 161 186 161 157 145 166 167 
150 155 165 158 160 146 159 132 191 152 157 158 175 157 154 175 
170 156 156 156 147 177 155 158 172 151 153 174 183 174 145 137 
172 183 149 171 172 157 139 168 143 163 155 160 169 144 158 170 
152 136 167 161 159 178 153 170 144 144 162 141 178 173 164 170 
166 148 157 137 157 181 171 148 162 144 178 165 162 179 163 172 
175 150 142 179 158 153 158 145 149 168 157 143 155 180 148 157 
187 144 180 154 179 186 150 148 185 195 163 194 170 173 184 152 
