138 153 188 4880 9608 2153 162 144 177 150 154 153 140 143 138 159 
151 146 148 668 1397 576 167 155 147 156 170 155 129 166 159 155 
153 151 176 147 188 182 145 138 143 145 146 123 153 162 160 155 
167 136 156 139 161 134 139 128 165 156 144 147 140 168 134 151 
141 147 164 145 156 175 146 135 152 148 174 153 138 144 147 170 
144 148 150 149 156 152 141 149 145 138 140 140 154 174 155 154 
193 118 151 140 145 136 171 133 165 143 127 149 137 126 146 145 
150 118 149 142 179 162 140 137 147 135 147 155 164 167 165 147 
142 137 134 143 135 136 166 156 146 139 164 154 141 154 148 155 
146 152 150 155 129 147 162 146 174 166 154 157 173 162 173 158 
169 135 171 161 152 134 173 149 140 143 159 138 140 150 173 164 
167 134 149 142 178 144 176 162 139 168 152 151 166 198 160 168 
164 147 164 155 165 165 139 148 127 150 165 134 170 168 175 168 
131 158 128 168 175 149 154 160 138 163 165 157 148 142 163 174 
164 163 167 150 169 163 155 165 166 159 144 171 146 144 174 163 
182 152 146 180 142 175 196 184 202 171 149 141 185 194 165 190 
