915 947 1020 1023 1016 1072 1041 1052 1039 984 975 1041 962 928 886 873 
973 1083 1099 1127 1105 1137 1140 1155 1106 1098 1095 1072 1017 1072 946 960 
1139 1102 1183 1215 1216 1182 1258 1138 1169 1074 1118 1141 1052 1011 977 913 
1075 1257 1334 1460 1411 1430 1330 1253 1249 1168 1195 1130 1153 1018 1018 985 
1194 1326 1487 1656 1706 1637 1492 1386 1314 1251 1274 1202 1127 1092 1026 1009 
1282 1600 1877 2042 2258 2059 1778 1610 1465 1339 1207 1253 1181 1127 1091 953 
1443 1871 2424 3241 3696 3081 2358 1764 1565 1332 1256 1174 1131 1065 1131 989 
1564 2138 3378 20828 54384 9845 2863 1986 1578 1456 1263 1186 1159 1106 1163 1061 
1602 2193 4276 53305 92369 32509 3212 2011 1572 1441 1315 1259 1141 1141 1075 990 
1558 2136 3306 20125 58254 12125 2983 1990 1614 1374 1312 1157 1182 1143 953 1047 
1366 1857 2404 3260 3733 3124 2303 1810 1505 1392 1285 1163 1144 1111 1026 1011 
1346 1576 1725 2066 2262 2052 1825 1563 1479 1346 1135 1254 1089 1091 1067 937 
1226 1341 1536 1673 1668 1572 1550 1429 1350 1254 1114 1162 1094 1101 1022 975 
1061 1229 1264 1409 1458 1346 1310 1284 1197 1179 1192 1104 1126 1052 1026 972 
968 1129 1224 1193 1180 1235 1164 1209 1079 1137 1076 1077 1065 1009 989 948 
939 1030 1090 1123 1168 1105 1078 1050 1055 1062 1042 940 945 1002 1006 936 
