161 168 172 363 420 175 164 161 151 132 156 146 163 164 158 198 
169 132 251 2421 7345 1972 167 134 167 136 150 155 167 146 161 183 
176 131 205 7460 13571 3153 171 177 149 157 139 164 151 154 150 162 
159 154 179 989 2050 558 173 157 155 167 152 136 143 150 151 188 
165 164 149 193 164 165 150 160 169 149 157 182 155 163 162 164 
152 139 163 182 166 143 158 161 154 144 158 165 150 154 136 183 
146 126 172 131 166 172 160 152 170 151 166 162 159 162 144 170 
152 175 151 164 129 149 150 144 164 162 145 144 157 144 156 150 
138 160 161 160 150 159 135 158 166 162 140 155 168 144 176 182 
150 135 138 154 152 164 168 161 140 153 169 153 159 159 158 165 
185 147 170 159 187 149 173 150 165 153 174 157 153 143 145 154 
169 162 154 162 170 155 175 154 165 163 137 159 160 155 151 172 
160 155 188 163 137 148 179 175 161 151 140 160 162 170 165 180 
182 179 159 166 147 162 157 146 141 163 173 156 171 175 161 164 
173 167 147 173 166 147 136 155 134 151 171 177 163 148 152 170 
151 169 161 177 174 195 168 162 177 174 185 189 146 203 187 182 
