131 167 131 178 123 146 159 169 140 156 159 151 137 139 148 157 
134 139 137 152 122 157 141 157 146 121 156 143 162 139 156 148 
117 139 153 133 162 148 130 152 139 119 143 131 153 142 141 144 
159 151 177 180 183 170 152 181 157 168 149 136 143 173 131 131 
152 140 194 2337 8353 2050 164 144 160 152 150 146 130 127 132 146 
156 149 239 7821 14173 4005 152 159 141 140 147 164 158 155 161 138 
136 150 159 2754 5072 630 146 130 135 158 134 139 136 126 140 157 
142 146 150 164 195 171 172 141 151 137 146 152 148 136 134 159 
131 154 149 149 161 150 164 117 143 139 154 126 149 111 143 149 
160 126 146 133 119 169 136 119 135 124 147 164 121 137 149 143 
174 154 144 157 160 125 164 117 126 161 141 147 135 150 133 149 
148 141 155 161 142 158 147 142 137 146 137 134 172 157 150 173 
138 144 135 148 147 157 153 139 134 142 152 139 139 126 142 167 
126 136 137 153 154 122 157 135 154 143 143 125 145 147 137 173 
143 114 147 155 150 130 151 136 129 164 143 136 133 169 141 129 
134 124 137 174 141 156 145 166 128 152 159 160 156 152 156 159 
