177 156 179 174 139 157 183 160 157 181 182 190 168 178 171 208 
166 156 181 193 156 171 177 138 172 166 161 172 157 153 170 152 
165 141 145 168 165 159 158 144 164 143 138 165 146 180 150 180 
180 156 164 179 152 174 122 168 150 148 140 141 176 157 154 168 
178 138 166 175 177 136 157 169 150 174 124 151 151 165 174 187 
157 155 153 154 144 164 174 176 160 151 147 161 155 159 154 171 
139 140 152 146 150 143 138 150 162 135 154 139 151 146 152 180 
170 161 142 146 144 147 152 159 145 156 170 161 159 162 169 170 
154 157 170 155 152 154 174 162 144 171 145 150 137 164 165 143 
154 157 159 142 131 143 153 123 152 150 133 145 161 152 157 186 
164 147 148 170 162 151 132 151 140 156 141 140 152 147 153 154 
156 163 184 148 148 155 144 152 147 168 145 145 178 166 163 147 
163 148 164 156 167 175 161 145 160 148 157 136 161 160 151 162 
154 161 161 162 188 181 164 165 175 170 146 149 136 139 149 146 
149 138 176 573 1386 525 173 163 155 124 174 160 167 159 145 175 
168 160 169 4847 9483 2230 176 164 173 161 139 160 171 156 139 164 
