975 1088 1119 1067 1106 1101 1107 1108 1147 1119 1141 1126 1127 1105 1110 1095 
1012 1133 1157 1098 1262 1201 1161 1266 1165 1186 1231 1191 1229 1171 1104 1093 
1130 1158 1220 1273 1298 1300 1329 1212 1296 1208 1181 1180 1162 1186 1128 1112 
1076 1172 1182 1260 1291 1229 1308 1240 1247 1224 1202 1265 1219 1272 1151 1156 
1160 1187 1301 1263 1320 1311 1249 1251 1290 1257 1283 1162 1288 1266 1183 1071 
1109 1251 1218 1293 1253 1386 1361 1371 1335 1265 1286 1283 1210 1227 1115 1129 
1120 1205 1324 1359 1361 1465 1417 1399 1361 1243 1334 1322 1235 1185 1110 1077 
1240 1395 1434 1379 1530 1515 1416 1406 1405 1354 1320 1266 1246 1259 1143 1045 
1290 1498 1546 1593 1653 1621 1648 1509 1446 1404 1345 1290 1234 1194 1194 1081 
1381 1599 1813 2140 2034 2018 1743 1631 1511 1471 1424 1327 1247 1296 1201 1107 
1505 1837 2253 2773 2964 2590 2200 1846 1604 1426 1465 1305 1217 1301 1159 1181 
1571 2128 3041 12772 21224 6645 2642 1961 1667 1540 1421 1254 1242 1187 1152 1101 
1694 2294 4016 55858 96172 25836 3141 2102 1720 1481 1450 1296 1259 1207 1222 1162 
1581 2102 3767 19319 54207 17249 2993 2026 1672 1511 1322 1233 1198 1150 1175 1082 
1451 1933 2489 3964 4576 3102 2327 1827 1570 1460 1273 1213 1223 1211 1179 1062 
1368 1522 1767 2046 2182 1938 1824 1508 1429 1298 1234 1153 1130 1111 1016 1120 
