1286 1332 1585 1639 1743 1638 1567 1413 1316 1257 1177 1207 1182 1124 1086 1089 
1363 1643 1969 2195 2386 2293 1884 1659 1454 1354 1352 1260 1215 1148 1129 1114 
1535 1953 2647 3873 4494 3328 2406 1881 1639 1468 1415 1348 1237 1204 1190 1115 
1722 2250 3886 20820 59030 18306 3075 2136 1749 1576 1476 1350 1198 1222 1249 1106 
1705 2340 4513 59361 99978 28212 3356 2175 1757 1504 1403 1403 1243 1274 1214 1105 
1739 2207 3410 18309 28276 7170 2791 2049 1648 1396 1406 1319 1226 1235 1215 1126 
1606 1939 2347 3187 3189 2793 2308 1860 1609 1464 1359 1311 1263 1291 1133 1152 
1459 1624 1912 2113 2203 2005 1937 1625 1551 1404 1339 1337 1251 1181 1188 1131 
1255 1485 1601 1651 1740 1711 1592 1509 1403 1404 1330 1316 1291 1160 1263 1126 
1230 1396 1405 1565 1509 1505 1501 1427 1522 1318 1302 1349 1331 1234 1215 1127 
1165 1241 1331 1433 1398 1432 1328 1410 1303 1315 1316 1319 1311 1246 1191 1122 
1223 1257 1303 1300 1370 1349 1306 1356 1300 1282 1222 1230 1261 1202 1166 1145 
1166 1189 1282 1261 1324 1251 1224 1332 1246 1195 1294 1301 1249 1138 1153 1078 
1158 1126 1209 1239 1230 1255 1293 1226 1325 1258 1250 1243 1186 1187 1232 1040 
1097 1180 1166 1242 1281 1164 1166 1186 1241 1181 1191 1165 1082 1135 1111 1036 
976 1042 1169 1124 1157 1126 1132 1130 1183 1112 1085 1157 1097 1187 1104 1006 
