157 160 155 176 174 171 191 170 170 178 168 168 197 168 182 171 
175 154 177 148 161 163 150 174 189 161 167 174 146 174 162 170 
149 163 144 163 165 140 178 160 168 154 161 144 160 140 159 191 
164 161 151 166 169 158 129 189 170 149 136 152 174 150 158 184 
168 177 154 155 156 160 146 151 185 151 160 145 155 149 166 192 
161 143 160 140 148 147 151 133 164 166 166 168 139 178 178 163 
156 169 156 136 160 134 143 146 141 160 196 140 152 162 173 159 
165 162 163 153 157 157 152 157 151 156 141 145 148 154 125 150 
142 133 144 161 144 148 163 159 147 147 135 153 157 141 167 174 
158 150 160 160 159 171 154 129 147 141 170 163 158 157 173 182 
156 141 157 161 174 180 158 138 163 170 161 152 141 180 181 153 
157 147 161 160 184 152 148 149 157 141 146 163 177 176 144 157 
173 150 158 886 1926 537 181 168 171 156 156 149 162 159 163 193 
169 177 214 7709 13390 2904 186 166 162 151 153 167 140 148 171 165 
166 164 240 2476 7550 1951 158 165 154 159 144 132 176 155 179 159 
147 156 198 334 422 179 166 186 171 160 149 167 148 155 158 193 
