1391 1717 3242 18060 44621 12452 2300 1727 1344 1255 1188 1111 1042 1055 1057 948 
1385 1810 3036 41453 74245 18447 2537 1747 1435 1279 1231 1227 1200 1165 1102 975 
1412 1724 2420 6933 12592 5432 2328 1714 1489 1374 1233 1273 1143 1142 1111 1018 
1303 1682 1962 2213 2553 2250 1919 1610 1493 1299 1283 1235 1215 1183 1157 1079 
1299 1435 1592 1671 1771 1736 1582 1485 1400 1346 1353 1268 1263 1255 1150 1065 
1210 1311 1461 1636 1544 1608 1375 1407 1315 1338 1271 1266 1209 1175 1146 1088 
1130 1197 1303 1290 1390 1434 1333 1408 1347 1274 1221 1284 1265 1132 1141 1083 
1137 1256 1253 1287 1278 1350 1273 1278 1363 1252 1206 1236 1192 1253 1225 1108 
1127 1214 1157 1293 1198 1198 1235 1280 1307 1249 1278 1266 1237 1166 1169 1130 
1066 1151 1153 1306 1265 1219 1290 1330 1267 1286 1262 1301 1281 1104 1176 1091 
1029 1144 1178 1191 1255 1196 1193 1128 1277 1226 1212 1269 1252 1231 1156 1069 
1052 1153 1200 1145 1202 1251 1295 1256 1235 1187 1236 1182 1200 1209 1098 1049 
1067 1117 1142 1199 1265 1190 1214 1238 1226 1185 1219 1118 1146 1203 1177 1131 
1065 1153 1196 1178 1295 1177 1124 1209 1175 1157 1175 1150 1201 1195 1169 1088 
1092 1116 1140 1156 1155 1181 1166 1158 1116 1119 1203 1162 1189 1097 1089 1038 
1031 1087 1164 1071 1134 1144 1097 1068 1109 1137 1099 1048 1077 1091 1123 1000 
