163 171 155 166 152 176 154 188 165 161 167 161 181 172 191 200 
160 163 155 140 174 152 145 187 168 163 153 193 134 163 156 165 
182 154 174 162 183 179 166 161 171 151 165 160 163 166 168 193 
140 158 143 160 159 146 168 165 166 142 142 183 162 161 169 168 
174 140 150 159 150 152 164 175 160 157 147 166 164 177 158 148 
148 183 132 161 145 173 165 179 173 164 158 168 159 165 158 156 
140 139 135 165 143 172 160 185 172 143 170 153 153 140 164 172 
136 187 151 170 154 156 139 149 162 172 169 160 160 137 145 160 
153 158 179 143 169 177 160 153 154 165 173 137 171 167 176 175 
157 170 144 162 156 178 165 161 166 172 179 172 158 138 167 165 
164 164 146 187 176 149 179 161 160 160 153 157 152 162 159 162 
167 149 158 1535 2795 622 163 134 157 174 132 136 155 133 165 173 
187 168 235 8352 15162 3521 163 187 159 165 152 162 175 175 176 176 
162 155 246 2428 7884 2222 194 172 181 156 140 153 141 157 172 176 
160 165 168 266 321 191 159 167 165 170 163 169 125 161 148 167 
154 160 155 178 182 159 182 152 168 158 160 158 154 187 152 168 
