175 167 154 194 154 152 181 146 175 201 200 167 184 158 180 187 
157 148 159 162 168 151 168 211 158 197 156 157 133 147 178 153 
155 154 148 158 141 171 167 147 163 172 141 142 156 135 160 171 
178 149 163 192 152 141 161 158 168 168 160 133 176 176 157 144 
143 174 144 146 152 160 177 143 165 175 166 154 148 162 162 168 
171 156 140 163 152 138 136 139 152 158 171 149 161 142 153 157 
182 162 154 155 146 153 153 172 145 161 149 144 164 142 152 159 
142 151 144 169 141 139 145 137 141 144 159 155 145 164 159 168 
180 163 147 141 171 163 160 181 143 168 158 146 151 138 150 174 
167 157 160 166 137 157 148 123 157 161 179 139 145 152 170 166 
159 148 163 152 149 158 169 182 164 152 161 149 170 162 162 158 
156 155 157 164 158 150 162 180 147 160 148 141 158 177 158 169 
159 174 146 177 220 177 174 152 136 132 141 154 162 151 157 174 
162 150 175 702 1608 488 180 145 158 182 132 135 177 152 156 168 
160 166 201 6270 11694 2496 171 177 154 155 164 151 140 159 153 152 
162 184 292 2411 7034 1651 193 147 163 160 160 159 175 164 168 170 
