1002 1048 1096 1180 1096 1125 1065 1159 1088 1093 1123 1093 1053 1061 974 958 
1035 1105 1209 1263 1207 1198 1266 1157 1296 1199 1188 1148 1112 1135 1078 993 
1012 1205 1313 1355 1346 1389 1440 1407 1361 1254 1174 1125 1127 1215 1131 1011 
1168 1363 1362 1464 1537 1577 1517 1540 1400 1353 1257 1183 1196 1169 1072 1035 
1235 1393 1493 1607 1754 1822 1818 1576 1491 1463 1329 1284 1248 1198 1156 1058 
1254 1419 1795 2045 2333 2521 2426 1952 1721 1517 1470 1290 1263 1207 1160 1069 
1286 1721 2051 2675 3794 4225 3483 2481 2031 1670 1416 1300 1282 1224 1136 1018 
1490 1859 2431 3717 25241 63870 14385 3313 2195 1836 1596 1418 1300 1236 1184 1071 
1494 1920 2576 4657 61885 98877 46191 3942 2392 1897 1559 1399 1288 1197 1225 1114 
1387 1788 2383 3756 23579 67323 18490 3494 2323 1776 1479 1413 1305 1175 1173 1003 
1367 1670 2072 2803 3771 4229 3545 2684 2036 1731 1484 1402 1356 1136 1162 1100 
1372 1589 1669 2113 2355 2605 2320 2028 1762 1570 1452 1373 1218 1220 1081 1091 
1265 1423 1474 1715 1879 1886 1756 1784 1505 1366 1468 1262 1295 1208 1085 1049 
1175 1241 1440 1503 1596 1439 1525 1506 1427 1433 1236 1225 1175 1138 1089 1029 
1060 1135 1259 1317 1360 1322 1361 1225 1267 1234 1287 1145 1168 1121 1070 995 
1034 1058 1092 1135 1192 1141 1199 1161 1177 1137 1150 1117 1093 1090 997 1027 
