972 1046 1169 1172 1206 1177 1176 1162 1141 1128 1136 1021 1010 979 1020 934 
1038 1149 1237 1374 1427 1435 1347 1405 1276 1252 1228 1151 1091 1095 1027 914 
1143 1307 1471 1560 1616 1753 1701 1533 1423 1396 1369 1172 1164 1115 1012 955 
1217 1434 1623 1918 2269 2355 2150 1887 1673 1446 1283 1240 1198 1074 1058 1006 
1263 1557 1944 2582 3437 4031 3380 2556 1808 1655 1375 1328 1211 1157 1051 1028 
1371 1653 2133 3419 20764 60515 21006 3158 2220 1760 1392 1295 1256 1119 1150 1059 
1328 1737 2327 4253 57627 93887 42605 3592 2165 1689 1404 1346 1221 1174 1028 1022 
1335 1689 2255 3512 24532 51098 10604 3031 2119 1632 1481 1386 1216 1150 1123 1066 
1240 1582 1914 2477 3439 3778 3222 2429 1901 1496 1321 1213 1274 1211 1110 1057 
1310 1445 1561 1935 2205 2266 2136 1925 1633 1541 1273 1253 1221 1230 1066 1049 
1190 1296 1504 1567 1696 1667 1713 1539 1435 1383 1305 1230 1178 1075 1078 966 
1072 1176 1355 1345 1494 1402 1454 1460 1375 1290 1235 1175 1160 1056 1094 1013 
1111 1161 1273 1244 1368 1273 1399 1285 1249 1219 1218 1141 1143 1111 1053 1024 
1026 1072 1175 1211 1170 1198 1250 1238 1220 1205 1197 1095 1106 1037 1097 948 
980 1087 1052 1115 1091 1117 1154 1183 1119 1114 1046 1061 1087 1009 1062 969 
957 990 1081 1070 1056 1034 1086 1052 1087 1071 1037 1005 946 965 997 905 
