1095 1292 1548 2155 32272 64980 17837 1966 1453 1269 1153 1100 1037 1103 1036 1000 
1198 1315 1562 1993 5413 10580 4778 1943 1489 1321 1252 1216 1195 1125 1075 973 
1111 1198 1479 1668 2005 2311 1925 1617 1435 1332 1223 1248 1199 1146 1103 1049 
1085 1183 1412 1476 1491 1638 1541 1377 1336 1321 1254 1199 1174 1143 1079 1103 
1145 1305 1218 1404 1350 1395 1403 1360 1293 1315 1257 1225 1220 1140 1131 1078 
1103 1147 1202 1274 1318 1322 1316 1298 1268 1262 1270 1126 1245 1172 1132 1053 
1137 1196 1225 1300 1253 1328 1268 1190 1259 1240 1206 1185 1139 1192 1086 1131 
1123 1147 1190 1240 1272 1307 1263 1249 1223 1264 1173 1214 1241 1253 1152 1119 
1138 1240 1110 1141 1189 1233 1206 1227 1216 1204 1208 1223 1122 1139 1144 1049 
1079 1149 1163 1235 1182 1160 1222 1190 1198 1211 1220 1203 1156 1140 1098 1086 
1108 1110 1135 1128 1269 1198 1223 1166 1249 1221 1139 1148 1192 1217 1105 1037 
1033 1078 1102 1225 1228 1138 1111 1211 1193 1208 1135 1209 1147 1085 1120 1054 
1037 1133 1101 1161 1254 1160 1195 1131 1183 1161 1168 1238 1168 1131 1109 1031 
1071 1054 1160 1159 1142 1138 1154 1165 1164 1173 1212 1179 1161 1160 1112 1041 
982 1108 1098 1118 1138 1124 1147 1114 1174 1134 1165 1133 1052 1110 1137 1013 
1021 1058 1094 1153 1094 1109 1142 1098 1123 1031 1094 1068 1123 1052 1020 1033 
