182 175 173 155 160 160 165 173 185 180 177 185 204 169 158 157 
185 156 138 162 178 175 147 177 145 156 166 158 151 162 190 165 
170 141 149 135 165 149 143 178 154 163 165 174 149 160 132 160 
180 161 136 140 142 155 165 171 183 140 139 150 142 146 169 161 
173 144 131 149 155 141 163 156 161 151 170 168 148 179 174 147 
159 161 152 139 127 130 164 149 164 136 141 146 168 154 174 151 
164 162 149 145 159 143 164 160 148 141 139 171 172 146 133 143 
160 150 138 159 130 126 164 169 134 154 137 193 155 162 154 176 
164 151 135 135 158 170 159 170 161 152 139 135 153 156 137 150 
177 131 163 147 158 141 166 155 182 154 142 135 143 170 160 161 
151 144 147 160 144 132 172 138 157 153 149 161 170 143 176 148 
156 148 150 155 148 130 162 141 137 162 149 139 161 162 153 139 
168 146 146 137 147 146 141 135 160 144 161 134 166 150 160 157 
161 150 162 160 154 198 174 157 154 138 165 148 142 170 148 150 
143 163 145 138 612 1443 517 153 128 167 136 136 134 156 126 158 
137 138 168 170 4970 10737 2736 151 178 187 166 144 122 145 149 142 
