157 166 148 167 152 174 161 150 139 153 169 160 182 173 163 154 
144 185 181 147 167 140 131 128 137 145 166 154 128 147 161 163 
160 167 150 147 148 153 142 140 153 137 154 143 154 149 154 183 
165 154 153 167 149 139 129 135 145 182 147 160 132 182 139 166 
155 156 135 145 140 146 153 164 150 130 130 150 122 159 159 173 
154 183 139 151 124 146 127 160 156 181 161 162 143 148 158 153 
153 158 150 140 168 175 159 160 146 157 153 145 144 168 147 160 
154 128 171 158 154 159 158 156 147 167 138 155 142 176 148 177 
183 173 182 150 172 163 155 155 147 163 126 151 188 151 148 150 
199 157 167 176 3169 6120 852 173 152 134 147 153 145 146 144 173 
133 157 168 218 9383 15211 6196 177 154 164 136 142 130 150 150 152 
173 139 131 188 2746 9217 3057 165 172 161 160 170 140 158 152 145 
184 167 150 147 174 220 185 156 164 169 166 173 149 163 156 165 
155 134 134 141 139 152 147 160 150 130 168 137 159 164 149 155 
137 154 129 140 158 174 147 177 147 155 153 153 148 145 155 168 
153 131 139 171 181 155 166 152 161 164 139 152 159 154 134 174 
