1028 1103 1087 1071 1119 1110 1212 1134 1024 1129 1072 1095 1117 1127 1096 1077 
1068 1121 1144 1137 1177 1141 1106 1165 1140 1180 1160 1164 1129 1095 1111 1105 
1089 1037 1132 1132 1169 1230 1199 1238 1228 1236 1279 1215 1217 1199 1117 1099 
1080 1174 1248 1182 1267 1271 1213 1221 1211 1264 1205 1208 1221 1211 1125 1141 
1042 1113 1231 1238 1238 1330 1265 1246 1297 1273 1262 1220 1168 1177 1228 1165 
1074 1201 1290 1268 1314 1310 1272 1289 1278 1312 1295 1209 1228 1197 1174 1111 
1143 1254 1287 1323 1316 1265 1303 1327 1317 1283 1263 1278 1220 1188 1179 1144 
1102 1250 1307 1307 1338 1376 1356 1365 1318 1270 1285 1317 1233 1177 1218 1145 
1187 1289 1328 1471 1463 1514 1422 1446 1409 1373 1313 1251 1202 1248 1194 1101 
1304 1328 1400 1513 1567 1626 1653 1557 1514 1368 1331 1271 1273 1256 1226 1106 
1327 1466 1597 1769 1959 1971 1888 1732 1579 1431 1383 1399 1361 1275 1166 1087 
1256 1477 1782 2250 2775 2933 2504 2124 1785 1589 1406 1288 1246 1330 1216 1106 
1347 1540 1925 2798 8890 16933 6449 2596 1982 1634 1376 1349 1288 1233 1245 1194 
1336 1690 2168 3542 51272 91972 29226 3040 1966 1636 1399 1319 1231 1237 1185 1112 
1347 1620 2021 3197 18664 49310 18247 2932 2076 1629 1400 1318 1209 1191 1140 1078 
1242 1442 1737 2226 3692 4906 2949 2226 1767 1367 1319 1264 1127 1150 1086 1071 
