980 1060 1076 1077 1155 1171 1126 1171 1136 1143 1093 1065 1147 1066 1028 971 
1091 1174 1157 1124 1224 1210 1199 1166 1144 1135 1167 1204 1173 1132 1097 1064 
1052 1150 1146 1145 1179 1207 1219 1235 1262 1205 1157 1192 1109 1173 1167 1106 
1095 1154 1143 1248 1244 1269 1283 1211 1264 1243 1213 1201 1160 1154 1109 1032 
1122 1166 1242 1261 1200 1269 1220 1220 1294 1191 1297 1244 1255 1228 1110 1025 
1120 1155 1312 1207 1305 1225 1234 1251 1288 1258 1191 1211 1253 1239 1172 1107 
1108 1152 1282 1302 1261 1363 1279 1302 1275 1287 1315 1257 1194 1291 1187 1121 
1152 1191 1224 1229 1223 1301 1193 1215 1270 1235 1326 1247 1211 1208 1195 1078 
1098 1247 1288 1261 1338 1326 1352 1307 1297 1317 1262 1181 1254 1193 1237 1043 
1138 1256 1389 1424 1413 1402 1381 1443 1399 1391 1230 1245 1251 1222 1178 1137 
1207 1308 1366 1513 1571 1547 1506 1529 1455 1344 1280 1258 1234 1163 1146 1055 
1254 1330 1457 1667 1729 1881 1825 1719 1506 1436 1394 1191 1259 1190 1145 1077 
1248 1435 1647 1983 2406 2694 2354 1982 1710 1439 1324 1298 1325 1225 1188 1060 
1248 1474 1901 2683 6867 12938 5534 2424 1792 1505 1367 1246 1176 1208 1132 1077 
1211 1559 1962 3220 42746 79942 23222 2728 1789 1545 1403 1290 1115 1154 1124 1052 
1220 1391 1744 3043 18217 45716 15846 2468 1767 1385 1297 1182 1103 1083 1109 989 
