154 151 194 175 170 193 169 181 165 177 150 162 180 159 178 171 
160 154 151 155 162 175 147 151 139 166 160 172 170 170 149 159 
139 139 161 145 174 170 158 146 167 174 169 169 144 174 161 173 
161 145 152 168 157 171 176 150 176 179 131 158 185 145 147 153 
157 177 156 162 134 143 165 132 173 160 161 150 152 165 153 160 
170 145 177 153 156 159 166 144 158 151 145 168 141 172 177 145 
157 156 150 165 163 158 154 162 154 157 154 139 145 146 148 156 
161 159 139 146 148 153 139 129 160 120 154 173 159 151 178 178 
158 172 165 139 152 147 169 155 154 149 156 143 178 144 177 149 
146 143 170 148 163 145 141 151 171 161 149 146 147 160 151 172 
167 148 132 155 159 153 157 134 157 139 133 154 163 158 154 162 
176 158 132 146 140 163 148 156 177 158 210 129 138 163 158 156 
171 137 144 152 139 180 163 155 169 174 133 155 165 148 135 150 
158 158 174 158 660 1594 524 174 168 158 162 157 156 170 136 149 
177 153 182 171 6425 12488 3302 159 146 157 166 150 141 184 150 166 
155 160 156 206 2576 6987 2106 185 191 179 140 165 139 143 171 151 
