135 139 154 138 151 147 154 155 163 166 138 158 155 142 150 154 
144 151 151 156 142 174 154 129 147 140 140 149 152 177 151 164 
157 153 170 162 205 280 188 151 157 155 162 149 145 146 133 152 
122 135 135 188 2412 8226 2752 186 151 132 133 138 140 129 137 157 
157 141 137 183 8507 14558 5211 155 170 159 148 148 156 135 146 140 
149 154 158 186 2110 4171 650 159 140 135 137 160 154 124 162 167 
146 151 117 145 188 152 165 155 123 142 162 150 155 128 154 159 
147 143 146 138 150 120 156 160 156 155 135 152 142 161 158 165 
146 152 146 128 173 143 135 122 151 141 124 161 158 167 127 148 
156 149 155 118 134 143 152 138 157 153 145 136 157 141 145 163 
149 128 158 128 133 112 140 150 175 143 126 125 134 135 140 165 
147 133 148 152 172 133 167 160 140 155 163 131 148 145 134 159 
138 147 131 143 150 162 137 154 140 149 138 121 138 152 165 157 
152 143 120 144 134 144 159 147 158 144 143 136 140 155 151 155 
142 161 145 130 162 128 142 143 140 154 157 130 147 157 155 149 
143 139 151 147 181 163 181 160 173 161 161 157 169 148 151 156 
