161 141 158 152 155 184 178 197 142 158 126 159 154 127 170 148 
149 163 169 156 237 325 186 182 161 136 124 134 147 152 133 160 
156 148 160 203 2576 7921 2728 152 186 171 164 137 168 147 162 172 
173 177 156 187 8749 14788 4665 184 158 155 163 167 131 171 178 162 
177 151 160 177 1232 2838 560 170 135 173 176 148 142 155 163 151 
152 151 147 133 155 163 178 179 164 147 149 141 141 162 137 153 
171 150 158 147 154 152 174 165 146 133 167 141 160 156 172 157 
148 151 130 140 165 151 171 161 166 164 168 125 132 155 165 172 
156 131 167 148 155 175 154 138 159 133 154 158 154 142 148 176 
148 134 161 141 155 140 143 148 148 148 153 191 146 154 172 164 
152 149 138 148 135 171 154 166 143 153 159 141 159 164 164 158 
158 166 170 172 161 166 168 161 148 140 125 138 154 164 141 198 
175 154 154 168 131 142 150 126 155 135 160 155 160 150 165 151 
162 152 162 146 150 143 137 150 134 158 142 170 173 147 138 164 
153 148 171 165 165 152 157 153 164 173 173 155 160 177 151 156 
169 161 184 181 188 150 185 134 165 161 191 185 187 182 197 161 
