913 958 965 984 987 1035 1084 1015 957 997 1033 973 978 984 955 862 
957 995 976 1134 1094 1138 1111 1077 1156 1053 1018 1056 1072 1044 1002 967 
981 1182 1118 1189 1194 1228 1232 1111 1134 1194 1149 1058 1042 997 1015 966 
1083 1118 1186 1234 1286 1292 1321 1270 1242 1192 1229 1178 1124 1027 1003 1006 
1101 1205 1240 1401 1380 1429 1419 1380 1285 1200 1196 1093 1050 1087 1016 995 
1132 1234 1368 1482 1562 1728 1594 1470 1432 1315 1230 1153 1091 1089 1043 1031 
1191 1359 1591 1861 1990 2193 2133 1845 1538 1465 1373 1228 1161 1161 1083 993 
1269 1537 1942 2525 3328 3687 3039 2338 1824 1535 1339 1246 1243 1151 1052 1009 
1206 1660 2257 3317 24305 50687 10679 3026 2105 1713 1446 1254 1199 1119 1101 998 
1305 1741 2317 4124 56604 92457 42611 3575 2221 1642 1369 1291 1159 1116 1043 1019 
1294 1603 2209 3329 20565 59701 20822 3169 2110 1645 1357 1327 1181 1067 1069 982 
1201 1578 1933 2597 3314 3894 3349 2454 1892 1505 1366 1249 1171 1133 1152 1080 
1187 1388 1642 1873 2147 2266 2129 1948 1607 1429 1343 1246 1157 1156 1031 967 
1132 1245 1375 1574 1696 1622 1681 1477 1421 1339 1269 1148 1133 1030 1043 956 
1063 1139 1269 1294 1322 1475 1344 1289 1253 1249 1126 1118 1178 1033 971 942 
1004 1062 1178 1137 1225 1133 1182 1121 1035 1026 1061 982 1050 957 961 880 
