163 146 173 163 317 389 194 171 156 163 174 159 170 163 163 139 
164 154 180 210 2593 7376 2466 172 142 134 163 161 135 132 144 172 
175 158 167 189 7879 14189 4203 192 157 178 136 161 131 150 151 166 
178 155 161 180 869 2163 563 170 176 133 175 162 158 148 162 163 
152 164 143 161 153 188 177 178 166 168 174 144 139 158 150 151 
156 165 132 154 169 152 151 158 145 171 139 150 168 157 170 175 
165 162 139 162 157 132 147 153 175 133 150 154 171 143 163 152 
162 157 142 149 169 158 169 146 182 160 153 161 171 146 171 150 
145 163 152 148 147 160 164 180 139 178 173 165 165 150 172 189 
162 170 151 155 159 156 150 161 147 163 127 161 162 164 148 166 
142 173 149 162 148 163 154 185 152 153 161 181 149 183 185 192 
155 147 156 143 171 176 172 162 163 160 133 153 157 163 189 157 
162 168 162 168 156 149 178 146 187 160 166 140 155 162 168 177 
145 163 161 164 158 158 155 148 154 180 151 168 170 155 163 162 
140 166 172 163 162 142 131 157 168 176 164 166 172 167 156 187 
166 167 162 191 155 169 196 197 173 176 191 161 205 160 191 228 
