171 132 171 130 153 155 130 163 168 145 153 146 150 162 168 154 
139 160 154 169 137 168 156 170 154 165 168 143 144 133 148 154 
164 131 189 144 162 155 164 130 168 148 144 167 136 172 153 176 
166 159 167 160 197 208 198 170 165 170 158 170 133 161 146 161 
155 159 160 205 2760 9316 2995 169 185 156 147 144 148 167 142 159 
140 158 167 218 9373 15713 6083 188 160 186 138 135 157 130 139 174 
154 194 172 198 3187 6153 845 176 159 174 150 140 133 161 168 130 
161 147 163 164 184 164 169 158 134 162 149 165 148 142 138 166 
147 165 141 158 161 171 180 148 181 141 162 169 162 143 150 158 
145 149 181 193 151 141 177 151 141 139 155 154 139 157 127 172 
184 139 158 155 130 184 149 146 164 159 163 154 156 178 156 174 
152 150 150 157 161 136 133 160 153 131 153 162 157 164 174 161 
147 158 149 162 156 182 138 172 146 164 174 178 150 167 129 169 
151 157 160 143 134 143 156 135 155 148 148 162 150 149 148 120 
177 162 141 189 143 160 146 143 143 152 150 168 163 143 162 164 
183 174 170 143 185 168 136 163 155 136 146 163 162 163 166 165 
