151 163 162 158 4978 10395 2616 163 154 154 134 148 151 137 180 167 
169 151 156 167 618 1399 520 178 168 147 120 169 175 167 128 151 
147 137 157 144 157 200 176 173 155 138 135 157 165 156 166 182 
149 143 175 154 135 176 161 141 147 157 143 137 158 141 142 163 
158 157 151 186 152 155 172 158 144 146 144 158 178 146 146 180 
166 141 134 138 176 157 152 150 152 164 142 139 169 154 145 149 
144 156 153 164 144 171 148 128 175 154 167 148 131 173 128 186 
171 155 148 164 170 147 159 154 139 161 119 145 166 138 161 187 
167 177 149 157 141 161 160 163 161 165 163 160 145 142 171 178 
159 149 149 161 158 137 129 146 158 150 145 150 165 158 147 172 
141 150 134 154 201 156 166 135 162 135 151 172 150 168 152 150 
164 140 156 157 125 138 143 168 169 161 142 145 143 141 182 154 
172 173 141 143 136 145 152 136 149 154 152 156 154 149 155 164 
191 157 162 165 139 141 177 153 175 136 166 170 160 139 160 155 
175 165 170 160 167 133 162 174 196 150 175 162 138 145 174 190 
180 170 208 184 160 172 168 188 178 160 170 174 164 169 178 163 
