182 176 183 177 197 185 171 168 153 177 176 185 190 204 185 187 
171 166 166 173 179 137 170 177 171 168 177 168 169 154 158 170 
160 159 154 159 144 166 152 164 148 138 187 167 164 183 163 178 
156 169 162 162 157 153 138 137 178 143 150 161 152 169 150 176 
144 156 168 154 141 181 163 163 187 132 158 123 155 152 184 175 
148 138 162 143 165 175 161 169 172 162 167 161 142 173 149 149 
149 165 205 149 178 155 135 144 156 161 153 151 154 147 170 167 
174 167 155 158 169 151 150 145 163 139 165 162 163 136 162 148 
137 182 154 157 160 165 134 160 160 150 183 147 147 167 164 171 
183 174 145 134 131 127 171 172 149 142 138 165 158 143 173 163 
151 157 166 155 145 156 135 161 155 130 148 155 171 166 155 162 
149 147 165 166 190 156 162 158 157 166 152 138 174 148 171 163 
146 143 181 167 881 2107 587 151 160 162 157 147 169 148 174 169 
163 177 156 210 7796 14259 4123 183 162 165 159 144 150 165 172 189 
173 157 150 185 2370 7543 2407 180 161 150 147 164 154 146 170 160 
182 185 169 189 312 436 204 186 174 166 156 163 147 162 161 183 
