158 177 157 153 140 189 167 162 168 151 141 162 163 182 161 197 
142 144 194 145 167 162 148 162 140 156 147 174 150 149 167 165 
161 175 152 154 164 151 129 175 152 152 159 150 165 172 170 182 
192 141 180 149 142 175 151 167 152 174 171 179 152 140 172 163 
149 172 178 186 168 186 182 169 139 163 180 181 162 136 170 156 
139 156 168 177 180 190 169 165 205 163 155 166 159 165 177 187 
172 168 176 207 3288 10873 2463 170 171 174 153 153 186 130 174 164 
182 157 167 227 9838 16250 7066 191 162 181 142 149 146 162 160 156 
164 174 158 193 3599 10396 1779 177 143 194 180 162 162 193 154 182 
130 183 189 178 173 202 203 173 155 162 164 177 171 176 162 171 
174 168 166 177 179 171 194 156 154 159 157 163 157 186 163 169 
169 153 166 149 180 180 164 157 158 171 154 141 162 167 170 158 
181 173 137 156 174 144 134 162 182 167 168 156 152 163 146 163 
167 157 147 181 143 141 162 162 161 164 148 161 174 156 139 166 
172 179 159 170 154 154 165 166 147 129 161 171 183 157 181 158 
169 186 202 192 133 148 164 162 154 173 165 145 210 178 176 173 
