135 157 154 151 157 156 151 151 156 185 179 142 148 143 146 177 
141 133 163 156 159 150 156 152 140 151 144 149 150 167 153 174 
167 147 136 140 152 136 152 131 134 167 136 147 130 126 146 158 
160 155 149 151 137 134 128 131 123 131 175 135 133 171 171 155 
143 166 149 157 143 132 145 130 136 141 123 167 137 152 139 168 
144 156 136 147 160 139 134 147 149 149 170 158 147 160 143 146 
146 145 142 126 118 133 175 156 146 134 151 164 142 140 136 150 
154 171 154 158 137 131 133 149 156 152 170 166 165 139 140 158 
117 157 139 162 136 136 150 126 158 148 123 142 141 136 142 132 
164 159 148 148 150 148 134 134 135 154 131 139 140 139 130 137 
148 154 152 152 163 173 157 164 151 142 153 146 149 140 135 146 
157 112 159 174 1240 2830 568 158 138 138 156 131 143 129 148 124 
163 165 161 168 8228 14188 4494 172 171 180 165 125 158 151 163 153 
148 136 141 212 2347 7409 2538 181 154 152 149 132 150 145 140 138 
164 132 158 185 269 346 151 150 153 137 120 166 132 161 134 144 
152 160 135 146 168 173 138 147 124 141 138 157 147 137 151 140 
