954 1089 1123 1095 1082 1084 1056 1168 1118 1108 1143 1073 1186 1066 1030 1001 
1026 1040 1088 1189 1177 1207 1170 1169 1175 1184 1112 1111 1111 1102 1188 1094 
1036 1116 1089 1156 1171 1101 1181 1274 1215 1155 1196 1231 1165 1165 1098 1102 
1084 1113 1133 1111 1140 1167 1232 1204 1254 1146 1233 1177 1116 1181 1139 1164 
996 1096 1209 1165 1179 1167 1188 1164 1199 1221 1224 1230 1159 1157 1143 1062 
1085 1145 1170 1225 1214 1129 1226 1160 1203 1227 1215 1169 1179 1173 1166 1095 
1100 1120 1135 1206 1207 1174 1134 1224 1201 1224 1170 1247 1220 1101 1091 1094 
1107 1097 1170 1163 1146 1214 1181 1214 1194 1233 1193 1241 1185 1161 1119 1129 
1069 1171 1128 1143 1252 1239 1244 1304 1149 1198 1151 1242 1110 1144 1100 1035 
1157 1144 1279 1218 1298 1281 1244 1214 1244 1267 1207 1187 1217 1202 1162 1049 
1158 1157 1176 1349 1310 1289 1367 1293 1299 1261 1235 1274 1262 1236 1131 992 
1134 1238 1280 1298 1409 1349 1409 1297 1272 1253 1181 1165 1136 1290 1083 1088 
1153 1254 1294 1454 1508 1555 1517 1404 1302 1331 1244 1248 1207 1159 1122 1012 
1122 1283 1393 1720 2051 2356 1957 1598 1445 1341 1319 1264 1216 1126 1130 1052 
1083 1274 1482 1903 5559 10986 4923 1932 1478 1392 1222 1127 1163 1107 1047 1020 
1070 1210 1440 2252 31983 65962 18487 1944 1497 1321 1099 1123 1011 1055 1032 900 
