927 1021 1032 1041 1071 979 1021 1019 1071 1036 1027 992 1004 1040 985 953 
967 1031 1075 1113 1083 1106 1146 1118 1157 995 1081 1092 1028 1076 1035 1040 
993 1075 1059 1098 1150 1052 1164 1080 1125 1213 1082 1082 1068 1084 1042 1033 
980 1067 1090 1110 1206 1110 1138 1144 1122 1120 1185 1105 1183 1104 1073 1014 
1047 1164 1138 1165 1169 1199 1202 1193 1243 1156 1198 1192 1172 1152 1111 1055 
1048 1181 1099 1152 1180 1225 1227 1243 1210 1191 1167 1271 1142 1092 1108 1049 
1081 1158 1192 1290 1226 1259 1313 1228 1249 1193 1140 1277 1137 1145 1110 1056 
1082 1251 1292 1373 1364 1468 1359 1403 1287 1242 1243 1252 1196 1145 1086 1003 
1162 1302 1423 1507 1628 1635 1578 1489 1374 1308 1291 1152 1169 1156 1122 1038 
1140 1324 1519 1763 1944 1936 1849 1663 1535 1335 1270 1201 1135 1116 1118 1024 
1226 1473 1731 2190 2762 2924 2577 2076 1691 1429 1351 1244 1206 1137 1113 1034 
1289 1551 2006 2852 11216 20901 6713 2747 1884 1491 1373 1319 1206 1078 1050 979 
1323 1641 2073 3571 54321 91459 31593 3150 1934 1653 1377 1256 1252 1136 1019 1005 
1236 1487 2010 3204 18642 50577 19244 2945 1999 1522 1447 1221 1201 1109 1081 985 
1291 1450 1761 2335 3650 4459 2995 2237 1718 1455 1241 1222 1092 1143 1054 1023 
1111 1272 1451 1768 1981 2096 1971 1635 1405 1249 1145 1159 1053 1061 978 886 
