1009 1090 1139 1127 1163 1183 1139 1094 1117 1023 1067 1157 1113 1101 1062 1056 
1080 1079 1182 1119 1245 1220 1274 1204 1203 1198 1181 1169 1236 1159 1044 1102 
1049 1128 1187 1262 1166 1279 1234 1220 1271 1231 1223 1229 1200 1216 1184 1070 
1093 1106 1273 1291 1319 1263 1302 1386 1336 1323 1274 1303 1150 1285 1157 1119 
1201 1226 1257 1324 1291 1317 1349 1289 1300 1338 1286 1249 1284 1201 1176 1125 
1231 1304 1302 1424 1427 1405 1425 1374 1369 1335 1267 1290 1266 1205 1122 1103 
1261 1381 1455 1470 1464 1569 1551 1528 1476 1403 1385 1268 1239 1237 1270 1093 
1307 1515 1611 1578 1695 1820 1803 1629 1566 1405 1396 1377 1333 1308 1259 1093 
1296 1478 1622 1896 2154 2245 2132 1873 1712 1564 1454 1347 1346 1298 1179 1135 
1413 1688 1897 2506 3175 3487 3014 2525 1917 1627 1435 1349 1404 1323 1255 1138 
1400 1762 2269 3496 17890 31258 7921 3018 2221 1762 1583 1378 1342 1307 1190 1137 
1488 1913 2484 4393 63633 103152 38695 3654 2260 1842 1559 1383 1320 1300 1258 1061 
1390 1807 2363 3689 21697 60016 22985 3405 2322 1698 1571 1440 1319 1258 1208 1147 
1314 1683 2047 2635 3763 4643 3549 2568 1954 1597 1450 1398 1374 1285 1191 1162 
1229 1500 1666 1952 2300 2520 2239 1974 1733 1557 1408 1312 1240 1175 1162 1102 
1162 1273 1449 1538 1714 1813 1763 1613 1390 1376 1272 1205 1100 1072 1078 984 
