1102 1209 1183 1211 1183 1243 1276 1322 1291 1204 1152 1230 1215 1143 1122 1011 
1130 1255 1343 1350 1365 1383 1429 1362 1366 1365 1271 1227 1192 1176 1139 1113 
1222 1403 1469 1512 1693 1713 1619 1583 1492 1436 1317 1330 1298 1258 1189 1114 
1372 1460 1629 1789 1900 2006 1957 1777 1620 1532 1494 1389 1282 1291 1214 1055 
1384 1613 1942 2214 2524 2803 2492 2214 1824 1600 1547 1403 1309 1233 1203 1158 
1403 1813 2190 2938 3952 4719 3856 2887 2301 1780 1579 1503 1359 1395 1282 1147 
1524 1928 2618 3970 25651 72228 19493 3665 2432 2005 1586 1517 1431 1276 1277 1075 
1540 1948 2687 4773 66408 106315 49070 4227 2508 2016 1636 1435 1344 1324 1151 1201 
1502 1904 2478 3899 26937 68755 15449 3540 2386 1907 1670 1491 1330 1311 1228 1178 
1495 1807 2154 3022 4014 4660 3895 2794 2129 1777 1618 1497 1356 1335 1289 1137 
1405 1620 1855 2207 2488 2696 2495 2222 1784 1656 1475 1337 1362 1284 1175 1155 
1356 1475 1551 1774 1887 1968 1959 1792 1696 1610 1384 1377 1319 1280 1194 1118 
1270 1408 1381 1495 1670 1681 1651 1602 1514 1481 1359 1332 1315 1267 1164 1108 
1245 1279 1356 1393 1467 1480 1499 1497 1431 1380 1300 1333 1329 1188 1161 1100 
1179 1262 1231 1277 1292 1340 1313 1308 1298 1223 1319 1231 1187 1139 1144 1102 
1071 1173 1193 1168 1149 1186 1174 1145 1114 1097 1196 1110 1212 1165 1114 1048 
