151 156 161 139 147 146 137 166 131 145 153 177 161 141 152 163 
140 144 164 148 153 133 135 123 149 143 148 131 148 158 139 158 
147 145 154 139 143 154 173 138 160 151 144 118 151 162 162 160 
139 148 153 158 135 165 134 180 149 148 170 135 165 156 164 152 
152 167 169 150 164 149 157 126 160 138 127 137 138 155 170 146 
166 140 140 165 168 171 150 153 146 151 157 162 157 145 143 143 
145 150 156 174 192 195 162 153 147 119 140 141 135 154 146 161 
170 152 163 178 3229 9754 1592 156 152 150 157 148 139 127 168 160 
152 161 150 229 9041 14909 6552 160 134 161 145 171 151 140 168 189 
166 163 165 173 3025 10180 2338 150 143 164 148 147 144 153 148 151 
161 155 139 145 170 209 167 156 137 156 135 151 180 125 130 158 
163 131 159 133 175 154 169 170 186 146 150 158 137 157 152 159 
151 144 143 155 156 152 147 174 153 140 168 163 146 149 134 137 
143 160 159 139 156 131 150 155 165 144 156 155 150 148 151 185 
163 145 150 166 159 145 130 149 151 146 166 148 129 154 152 140 
190 169 130 141 156 153 150 144 162 151 160 172 148 154 156 166 
