1137 1543 1806 2923 18202 45713 15444 2434 1703 1483 1274 1126 1138 1040 1060 1036 
1261 1526 1981 3102 43040 80009 23525 2718 1845 1458 1335 1311 1195 1169 1079 1056 
1306 1516 1916 2636 6811 13195 5633 2311 1772 1504 1402 1341 1200 1240 1115 1072 
1276 1451 1696 1929 2432 2608 2362 1945 1724 1499 1337 1258 1268 1252 1113 1085 
1206 1416 1536 1617 1759 1853 1795 1646 1541 1446 1364 1294 1279 1213 1138 1081 
1201 1287 1344 1514 1554 1580 1519 1550 1441 1413 1411 1292 1278 1177 1184 1101 
1127 1231 1380 1427 1406 1467 1326 1419 1390 1327 1387 1258 1219 1194 1104 1088 
1112 1240 1286 1266 1332 1290 1348 1307 1310 1281 1240 1217 1154 1133 1225 1055 
1145 1200 1209 1225 1305 1270 1278 1275 1290 1223 1258 1317 1171 1170 1136 1170 
1094 1153 1190 1242 1272 1308 1245 1237 1281 1286 1259 1252 1246 1160 1168 1074 
1054 1204 1191 1159 1177 1180 1234 1270 1290 1207 1234 1253 1183 1163 1154 1153 
1065 1131 1252 1238 1233 1246 1175 1220 1232 1218 1290 1164 1229 1143 1128 1075 
1104 1174 1216 1214 1168 1225 1206 1181 1221 1175 1220 1232 1173 1033 1106 1031 
1051 1139 1162 1186 1207 1236 1199 1144 1123 1185 1260 1141 1153 1100 1100 1109 
1083 1076 1143 1210 1195 1165 1152 1140 1155 1130 1167 1164 1179 1113 1102 1060 
1049 1083 1154 1154 1121 1104 1143 1140 1170 1088 1124 1182 1122 1063 1041 1031 
