146 133 136 144 163 149 134 122 152 134 134 156 141 137 172 156 
143 147 158 156 153 138 143 148 173 161 153 148 158 169 136 133 
159 143 137 148 145 151 131 153 130 132 133 135 138 153 141 161 
158 141 135 150 139 159 135 134 138 143 151 121 123 126 146 154 
126 136 142 149 197 180 193 144 129 152 142 134 151 136 144 159 
144 165 151 191 2597 8945 2773 152 178 138 136 113 139 137 152 161 
133 149 134 171 8665 14439 6225 171 151 145 139 162 133 153 148 138 
144 154 145 185 3325 7469 1087 154 138 138 151 161 164 131 147 168 
144 138 161 163 158 170 165 166 157 126 127 134 159 146 134 154 
162 144 133 153 151 134 156 145 149 146 134 133 145 145 166 157 
161 118 175 157 136 138 167 141 135 154 157 142 128 132 136 142 
143 135 136 144 155 129 138 137 147 133 140 126 157 137 135 142 
158 158 147 140 167 156 157 143 119 123 150 134 140 141 147 143 
141 141 139 150 138 141 146 152 132 135 130 142 164 128 157 134 
130 151 115 150 146 147 155 149 145 160 143 129 159 149 147 160 
163 138 167 176 155 144 169 150 157 162 161 157 150 163 151 168 
