1121 1364 1455 1703 2075 2234 2056 1832 1500 1404 1241 1150 1091 1072 1035 1016 
1267 1561 1878 2509 3692 4733 3282 2422 1785 1494 1357 1217 1228 1126 1079 1069 
1370 1718 2116 3338 19311 53279 20326 2951 2147 1700 1474 1300 1224 1172 1078 1050 
1333 1755 2220 3827 56830 95191 32560 3281 2157 1749 1499 1384 1252 1187 1109 1035 
1456 1622 2085 2964 11486 21416 6693 2730 1913 1627 1437 1354 1301 1212 1120 1105 
1270 1510 1809 2175 2724 2997 2668 2090 1859 1615 1372 1381 1286 1253 1112 1034 
1294 1402 1550 1816 1962 2039 1889 1842 1509 1497 1313 1254 1285 1198 1076 1118 
1143 1373 1389 1557 1714 1703 1708 1553 1518 1358 1294 1269 1152 1143 1148 1147 
1203 1288 1345 1375 1435 1488 1530 1392 1377 1353 1309 1227 1196 1139 1199 1105 
1132 1134 1291 1330 1386 1398 1352 1375 1329 1263 1294 1289 1225 1219 1188 1135 
1132 1133 1206 1307 1323 1227 1345 1367 1296 1294 1226 1209 1225 1185 1204 1067 
1029 1189 1178 1241 1310 1312 1146 1198 1198 1241 1210 1167 1246 1173 1136 1105 
1109 1120 1073 1228 1172 1171 1165 1183 1211 1158 1261 1205 1074 1185 1158 1072 
1017 1189 1138 1189 1231 1156 1155 1211 1224 1150 1186 1189 1184 1226 1073 1070 
1039 1114 1141 1141 1125 1158 1181 1141 1138 1116 1141 1143 1141 1075 1115 1095 
984 1071 1036 1019 1143 1125 1077 1091 1094 1128 1113 1051 1086 1109 1076 999 
