1085 1192 1358 1454 1569 1537 1467 1439 1408 1255 1225 1123 1093 1018 1011 955 
1162 1376 1528 1818 2125 2269 2131 1822 1609 1416 1302 1200 1175 1095 1100 1073 
1226 1581 1880 2333 3531 4235 3379 2431 1799 1481 1355 1242 1168 1131 1087 1008 
1335 1590 2080 3320 19337 55304 21097 3117 1976 1607 1405 1304 1240 1177 1115 1029 
1345 1643 2193 4031 57697 94979 36282 3340 2251 1721 1584 1352 1250 1186 1090 986 
1314 1634 2067 3326 17048 30148 7492 2733 2069 1575 1405 1352 1282 1177 1129 1088 
1279 1552 1814 2354 3009 3277 2810 2145 1857 1567 1404 1370 1286 1150 1246 1088 
1183 1387 1596 1792 2109 2045 1966 1843 1572 1536 1387 1300 1217 1151 1117 1058 
1155 1253 1408 1552 1645 1630 1652 1585 1417 1371 1328 1222 1243 1113 1080 1066 
1181 1209 1321 1361 1470 1446 1418 1394 1357 1340 1251 1233 1197 1220 1104 1041 
1104 1130 1233 1257 1281 1298 1273 1315 1295 1281 1177 1103 1178 1179 1081 1025 
1053 1119 1206 1208 1166 1184 1279 1274 1262 1260 1195 1169 1122 1112 1125 1125 
988 1133 1119 1191 1117 1193 1187 1269 1177 1217 1125 1176 1143 1170 1057 1113 
1048 1071 1074 1122 1146 1128 1162 1187 1151 1152 1102 1125 1087 1168 1036 1035 
936 1058 1026 1027 1074 1068 1150 1070 1120 1100 1164 1042 1095 1090 1006 980 
918 947 1001 1082 1035 1080 1033 1050 1090 1085 1070 950 998 951 1043 981 
