128 146 121 140 128 132 159 130 133 177 144 130 152 160 145 146 
145 123 120 160 138 150 113 128 141 128 134 149 154 150 143 163 
132 144 144 131 116 118 127 133 131 145 155 134 120 136 151 134 
149 142 142 122 143 132 129 139 137 137 157 168 145 126 122 168 
128 169 125 161 137 153 153 151 128 133 157 141 129 125 131 145 
136 131 121 114 115 145 139 138 135 122 122 130 148 134 118 143 
143 138 131 140 126 166 155 160 143 116 155 144 123 145 126 144 
143 135 153 169 153 189 145 195 151 121 121 135 125 146 158 137 
128 133 135 156 3246 7487 1065 148 145 127 140 114 127 160 153 150 
161 131 161 188 8277 14059 6313 184 133 130 128 154 134 148 138 163 
138 127 140 160 2731 8884 2668 141 144 130 129 141 141 133 126 165 
148 116 138 150 137 177 173 160 142 146 141 158 139 150 156 142 
143 133 134 126 130 124 136 148 150 149 137 155 127 151 132 131 
149 118 130 133 154 143 161 119 118 154 149 140 146 131 159 146 
149 148 123 129 118 119 124 162 130 134 124 138 165 138 140 149 
154 153 143 140 153 127 184 135 141 140 127 140 154 162 131 148 
