1255 1325 1831 2345 4012 4934 3008 2114 1690 1539 1281 1225 1142 1099 1112 964 
1328 1543 2092 3386 19201 50442 18607 2791 1973 1574 1423 1361 1162 1141 1138 1060 
1299 1569 2250 3601 51667 91713 29294 3121 2019 1703 1382 1334 1265 1173 1155 1158 
1425 1571 1893 2933 8533 16777 6359 2673 1942 1598 1411 1393 1244 1209 1145 1079 
1247 1523 1810 2222 2677 2949 2562 2059 1749 1651 1438 1326 1275 1262 1238 1121 
1271 1486 1551 1709 1970 1996 1980 1786 1579 1521 1427 1267 1368 1278 1239 1110 
1257 1361 1410 1513 1532 1629 1644 1512 1490 1366 1331 1303 1290 1199 1204 1113 
1173 1335 1305 1404 1443 1434 1446 1419 1409 1369 1279 1314 1317 1264 1212 1078 
1156 1246 1365 1384 1338 1387 1389 1386 1297 1338 1307 1347 1255 1241 1213 1115 
1141 1234 1240 1328 1293 1288 1305 1309 1219 1218 1244 1251 1225 1232 1216 1061 
1087 1177 1218 1272 1231 1282 1320 1286 1336 1228 1254 1237 1208 1241 1253 1206 
1122 1196 1219 1237 1266 1364 1322 1297 1246 1287 1177 1228 1130 1229 1191 1129 
1090 1183 1129 1259 1220 1185 1294 1232 1226 1225 1237 1189 1236 1191 1093 1087 
1037 1157 1176 1214 1106 1153 1203 1181 1247 1236 1239 1210 1209 1187 1139 1035 
990 1053 1129 1105 1186 1150 1166 1188 1192 1228 1145 1181 1202 1157 1066 1070 
960 1096 1167 1085 1163 1043 1113 1151 1158 1161 1122 1113 1127 1129 1071 1081 
