146 170 165 224 2479 6776 2083 175 158 142 163 141 148 156 158 173 
171 173 176 172 6393 12626 3200 184 157 150 136 165 151 168 164 163 
152 166 163 179 648 1663 542 159 139 155 142 138 136 187 162 164 
168 167 157 161 157 180 176 159 165 159 165 150 156 155 148 153 
145 165 166 172 154 187 166 153 166 153 192 177 178 154 153 187 
162 159 154 178 159 147 159 154 143 157 151 161 144 146 128 164 
166 132 153 167 146 167 154 157 149 158 168 149 164 163 166 167 
170 162 139 164 173 163 154 141 148 167 139 155 129 162 161 148 
153 155 170 143 153 153 132 139 164 154 159 166 149 151 150 165 
136 143 156 156 136 165 141 161 148 149 164 147 154 135 160 172 
143 166 163 151 155 158 165 162 170 160 149 149 153 150 175 176 
176 156 143 189 164 154 143 145 150 155 169 150 166 172 141 165 
170 155 148 154 141 154 152 166 144 154 173 149 130 134 157 163 
153 195 155 159 150 150 170 164 156 142 167 147 159 151 144 167 
156 149 168 166 153 145 169 165 143 178 168 182 168 146 171 188 
170 188 189 170 192 174 175 175 179 180 174 172 178 151 160 181 
