169 166 179 164 154 171 154 156 188 144 164 186 169 167 177 180 
179 147 169 170 181 140 191 170 177 161 166 168 201 182 166 183 
155 146 176 169 141 162 141 165 154 148 183 150 168 145 176 167 
159 125 163 183 146 149 159 155 151 170 150 180 137 175 151 164 
158 159 143 158 158 161 161 136 177 167 154 163 161 143 160 183 
177 164 137 168 142 163 163 146 174 145 148 149 146 172 146 166 
154 161 156 161 140 146 159 172 161 167 137 163 159 145 191 143 
174 161 148 159 147 173 177 143 156 163 165 178 150 176 169 171 
146 152 173 162 167 175 154 162 158 170 150 144 159 158 147 172 
189 160 142 156 205 186 157 158 164 169 153 132 162 166 151 155 
170 161 181 172 2339 4332 654 178 158 171 169 148 177 169 152 169 
192 166 177 196 9660 15844 5565 211 158 164 168 149 143 163 154 170 
145 168 181 221 2716 8989 3076 158 206 149 145 167 169 142 146 146 
143 171 159 156 221 263 177 174 143 147 151 152 167 160 143 159 
189 142 140 148 181 170 168 168 163 163 154 157 165 135 158 181 
168 150 166 181 148 192 175 151 157 194 163 138 155 162 165 131 
