958 1028 1088 1127 1076 1089 1118 1150 1069 1085 1108 1088 1100 1118 1061 942 
1011 1201 1180 1220 1158 1137 1176 1126 1133 1144 1145 1148 1072 1063 1072 1041 
1035 1202 1187 1183 1216 1229 1240 1260 1306 1201 1254 1206 1124 1089 1106 1069 
1101 1185 1200 1385 1327 1263 1326 1219 1400 1302 1248 1253 1159 1196 1091 1037 
1159 1254 1290 1307 1352 1368 1366 1350 1355 1258 1262 1245 1150 1220 1145 1104 
1213 1271 1389 1504 1458 1572 1458 1441 1384 1342 1312 1248 1187 1176 1173 1129 
1240 1415 1493 1742 1762 1782 1790 1677 1535 1390 1399 1357 1219 1316 1238 1031 
1315 1421 1751 1978 2301 2193 2194 1935 1681 1520 1411 1334 1260 1273 1171 1154 
1354 1681 2085 2427 3361 3805 3209 2379 1901 1694 1497 1378 1295 1211 1187 1134 
1448 1763 2369 3442 23351 42756 9097 3168 2240 1789 1601 1363 1279 1186 1217 1110 
1409 1802 2533 4381 61851 100514 42721 3701 2332 1762 1551 1498 1346 1316 1232 1088 
1410 1745 2284 3682 21707 61973 23246 3328 2250 1746 1570 1457 1272 1225 1198 1035 
1373 1658 2076 2668 3746 4389 3578 2655 2015 1677 1495 1359 1282 1228 1200 1038 
1266 1397 1747 1976 2252 2392 2333 2103 1767 1541 1390 1311 1188 1216 1141 1153 
1241 1289 1410 1627 1775 1886 1733 1640 1562 1406 1227 1264 1222 1174 1119 1016 
1086 1131 1276 1300 1447 1438 1393 1352 1296 1201 1231 1145 1112 1119 1066 1023 
