1107 1208 1291 1326 1377 1436 1374 1320 1300 1241 1206 1107 1102 1066 1045 972 
1165 1398 1500 1527 1747 1846 1789 1600 1480 1381 1328 1284 1145 1125 1072 1017 
1332 1524 1822 2058 2366 2450 2283 2020 1661 1544 1420 1312 1218 1192 1050 1129 
1283 1582 2039 2626 3725 4440 3590 2638 2004 1716 1452 1314 1285 1203 1120 1120 
1371 1728 2281 3737 21439 61725 23141 3313 2293 1745 1498 1410 1305 1237 1110 1078 
1405 1784 2570 4351 62036 101222 42471 3739 2290 1843 1551 1384 1271 1236 1152 1095 
1404 1776 2331 3611 23400 42156 9130 3120 2133 1739 1557 1427 1272 1236 1174 1088 
1337 1684 2011 2518 3401 3698 3063 2442 1899 1668 1469 1443 1304 1221 1146 1083 
1358 1519 1723 1998 2251 2414 2165 1954 1689 1524 1405 1377 1302 1219 1163 1105 
1218 1344 1525 1690 1732 1751 1755 1651 1560 1418 1369 1262 1291 1214 1170 1119 
1202 1249 1412 1465 1502 1624 1455 1459 1459 1443 1379 1303 1240 1179 1182 1136 
1114 1186 1341 1359 1446 1415 1439 1358 1305 1234 1272 1247 1216 1144 1244 1043 
1105 1160 1252 1257 1357 1384 1348 1328 1304 1301 1256 1216 1206 1217 1069 1075 
1041 1177 1153 1180 1238 1235 1237 1273 1209 1208 1155 1123 1119 1126 1058 968 
1090 1158 1145 1252 1113 1162 1157 1211 1170 1161 1160 1162 1127 1115 1144 1100 
1004 1042 1002 1120 1004 1121 1046 1082 1078 1039 1092 1083 1126 1057 942 948 
