1005 1057 1048 1042 1152 1123 1118 1080 1140 1074 1085 1058 1064 1071 1034 1012 
1032 1151 1046 1191 1146 1190 1179 1154 1188 1192 1140 1123 1163 1163 1104 1100 
1098 1164 1164 1224 1164 1304 1248 1196 1194 1269 1214 1220 1121 1159 1068 1065 
1037 1131 1203 1202 1273 1247 1256 1167 1291 1225 1242 1180 1230 1112 1169 1057 
1109 1080 1200 1319 1295 1317 1324 1277 1311 1212 1246 1255 1220 1151 1094 1033 
1099 1144 1207 1369 1291 1275 1339 1316 1264 1295 1319 1285 1232 1223 1117 1066 
1064 1229 1296 1336 1425 1389 1439 1402 1352 1287 1300 1244 1278 1193 1123 1063 
1181 1214 1325 1461 1470 1429 1520 1448 1449 1388 1342 1371 1293 1234 1204 1191 
1143 1228 1368 1454 1579 1707 1697 1730 1536 1586 1404 1348 1253 1250 1214 1143 
1153 1388 1471 1681 1842 2061 2063 2009 1864 1685 1503 1368 1365 1201 1218 1130 
1259 1405 1548 1870 2399 3027 3228 2810 2247 1789 1576 1417 1314 1247 1211 1111 
1236 1515 1661 2234 3164 10428 23075 7537 3072 2128 1748 1479 1332 1300 1145 1107 
1234 1398 1732 2381 3767 59301 98507 43017 3391 2278 1822 1465 1395 1225 1277 1073 
1232 1466 1672 2215 3389 20571 55416 22029 3149 2156 1647 1437 1275 1265 1236 1042 
1229 1419 1620 1848 2484 3830 5058 3435 2449 1919 1571 1451 1244 1181 1129 1071 
1064 1228 1340 1525 1804 2054 2307 2122 1794 1575 1346 1237 1153 1139 1169 1026 
