959 954 1038 1108 1075 1083 1116 1164 1049 1117 1099 1004 1024 988 944 974 
1009 1022 1119 1229 1164 1267 1234 1306 1240 1294 1161 1168 1116 1030 1061 960 
1127 1108 1158 1271 1415 1462 1449 1509 1411 1358 1296 1200 1118 1106 1028 1072 
1054 1185 1337 1518 1637 1832 1912 1813 1671 1484 1359 1255 1277 1150 1046 1057 
1116 1288 1462 1769 2010 2264 2616 2361 2008 1702 1522 1440 1269 1208 1100 1053 
1186 1380 1626 2066 2723 3736 4406 3616 2621 1968 1646 1460 1235 1239 1113 1064 
1220 1521 1800 2361 3625 24247 65565 24491 3602 2279 1741 1454 1342 1214 1167 1008 
1236 1511 1828 2470 4189 62216 94302 55865 4116 2408 1848 1461 1323 1203 1140 1082 
1296 1376 1737 2355 3673 25822 64248 19292 3572 2304 1760 1410 1402 1217 1195 1030 
1227 1301 1689 2052 2625 3787 4356 3563 2623 2060 1671 1474 1238 1278 1165 1026 
1146 1255 1417 1800 1950 2275 2530 2392 2057 1652 1525 1419 1379 1215 1134 1087 
1151 1206 1352 1523 1647 1797 1799 1769 1688 1567 1363 1293 1273 1135 1052 993 
1065 1180 1262 1395 1442 1475 1466 1520 1481 1366 1185 1202 1142 1135 1103 983 
1050 1145 1128 1262 1334 1305 1331 1380 1265 1282 1260 1239 1139 1118 1006 1064 
939 1067 1131 1105 1078 1239 1183 1187 1089 1184 1093 1074 1079 1081 1035 928 
950 980 1002 1024 1086 1045 1079 1088 1035 1050 1044 1059 1022 1007 914 871 
