173 161 162 150 144 144 170 160 181 158 151 161 176 158 147 163 
174 133 183 156 176 150 180 167 165 159 174 166 133 173 169 142 
178 163 156 169 146 175 142 170 158 162 168 151 163 142 138 185 
173 159 165 157 140 172 166 171 143 168 150 143 159 152 160 166 
148 142 124 178 139 156 181 168 141 150 139 149 145 129 153 146 
158 157 151 141 176 155 154 141 168 141 157 169 154 130 152 149 
157 153 137 155 143 155 168 156 154 151 147 151 162 156 155 201 
157 153 135 177 150 182 187 162 153 148 155 131 160 161 138 162 
174 179 168 166 177 3793 8592 1820 172 155 153 140 146 139 154 156 
156 146 174 172 186 10129 15615 8665 186 133 175 162 167 137 161 153 
166 173 164 172 207 3337 10166 3847 174 156 135 150 158 167 130 150 
160 172 163 179 156 197 198 182 166 177 152 157 140 152 148 170 
144 159 171 154 141 131 157 148 150 134 180 153 161 149 144 168 
112 157 177 160 139 171 174 144 178 156 150 161 171 165 164 142 
165 153 144 157 161 144 141 151 147 131 145 153 166 145 169 155 
162 157 171 154 167 183 180 160 153 161 164 173 179 157 166 137 
