156 144 157 163 152 135 167 130 156 125 138 142 147 160 137 141 
156 141 160 157 156 141 157 148 181 153 126 155 160 146 163 158 
179 130 158 160 143 225 266 181 150 149 130 144 152 129 146 150 
151 144 183 157 182 2604 8388 3019 156 184 130 170 154 138 142 130 
158 173 137 152 169 9242 14973 6971 182 164 186 143 138 136 164 142 
152 160 141 173 163 1756 4461 787 185 152 133 132 125 170 161 140 
151 140 142 156 162 160 171 168 155 178 162 151 147 157 130 150 
147 137 163 145 146 165 153 137 142 140 126 141 126 146 160 129 
153 132 121 159 144 136 122 140 160 156 151 153 153 124 161 157 
161 142 139 152 136 124 121 138 113 140 149 162 133 141 165 142 
152 137 151 149 137 157 146 144 127 149 166 143 121 151 161 152 
149 138 143 159 137 141 150 121 172 185 139 148 138 145 159 161 
168 131 156 140 139 140 147 146 157 133 116 142 124 146 130 144 
155 154 140 150 134 160 153 115 149 118 127 153 136 145 138 134 
156 149 146 191 139 136 159 141 184 136 157 141 164 147 135 174 
160 154 156 160 160 123 144 178 130 166 151 141 162 164 170 168 
