946 1046 1005 1089 1133 1054 1073 1096 1095 1087 1143 1089 1091 1019 972 941 
989 1059 1168 1229 1248 1251 1225 1237 1151 1230 1216 1107 1175 1098 1065 997 
1123 1139 1211 1327 1311 1324 1326 1328 1308 1324 1236 1231 1082 1164 1088 1034 
1172 1151 1329 1455 1484 1556 1491 1542 1496 1495 1345 1313 1213 1218 1115 1094 
1096 1277 1338 1549 1696 1915 1913 1923 1681 1517 1444 1349 1322 1215 1099 1032 
1182 1329 1552 1773 2119 2448 2601 2374 2111 1752 1569 1412 1317 1154 1086 1051 
1287 1428 1720 2122 2738 3747 4367 3719 2744 2026 1731 1555 1324 1281 1199 1079 
1269 1438 1799 2441 3936 26889 66599 20039 3665 2372 1730 1534 1354 1247 1117 1096 
1327 1592 1888 2614 4568 64134 97667 57739 4087 2487 1899 1572 1359 1236 1162 1056 
1308 1523 1852 2496 3860 24816 67617 25184 3846 2298 1739 1476 1366 1270 1141 1059 
1222 1419 1721 2146 2746 3848 4469 3843 2745 2025 1687 1489 1386 1267 1167 1026 
1248 1350 1510 1771 2029 2442 2561 2429 2029 1876 1558 1370 1307 1216 1153 1046 
1201 1297 1408 1531 1678 1842 1817 1876 1671 1598 1455 1290 1287 1184 1127 1033 
1126 1221 1207 1329 1466 1614 1561 1423 1495 1420 1314 1249 1335 1165 1141 996 
1057 1194 1216 1217 1325 1306 1377 1337 1268 1253 1273 1224 1190 1122 1070 1074 
972 1023 1046 1164 1150 1167 1157 1215 1129 1166 1046 1131 1134 1018 1013 956 
