989 1092 1069 1104 1083 1111 1170 1132 1156 1114 1131 1049 1069 1089 1035 1055 
1058 1113 1188 1156 1286 1212 1187 1252 1274 1237 1190 1125 1152 1138 1139 989 
1182 1186 1213 1287 1271 1319 1306 1401 1364 1338 1274 1241 1238 1115 1142 1111 
1148 1263 1364 1315 1381 1405 1480 1538 1395 1431 1344 1254 1202 1203 1254 1140 
1190 1347 1314 1519 1549 1556 1708 1560 1543 1551 1383 1258 1255 1146 1185 1174 
1261 1414 1421 1617 1814 1883 2000 1940 1813 1586 1507 1375 1290 1290 1211 1103 
1266 1409 1653 1854 2158 2465 2653 2376 2132 1879 1568 1498 1346 1294 1207 1152 
1325 1528 1697 2131 2745 3962 4361 3662 2623 2184 1853 1535 1411 1296 1169 1105 
1367 1555 1912 2476 3987 28492 58660 15695 3730 2430 1891 1564 1400 1324 1235 1171 
1330 1534 1917 2635 4656 67590 103008 58797 4375 2515 1956 1630 1354 1320 1261 1121 
1308 1624 1858 2563 3920 25036 68118 28607 3882 2405 1876 1606 1431 1318 1210 1147 
1306 1495 1750 2176 2928 3960 4722 4028 2873 2202 1759 1531 1361 1260 1247 1090 
1319 1406 1611 1848 2151 2403 2711 2555 2246 1803 1620 1478 1376 1284 1157 1092 
1177 1324 1441 1602 1725 1833 1963 1882 1802 1630 1461 1396 1296 1269 1188 1025 
1149 1170 1360 1411 1411 1539 1557 1634 1378 1433 1237 1263 1263 1173 1127 1073 
1106 1092 1138 1227 1289 1306 1369 1304 1258 1256 1206 1192 1158 1141 1038 1003 
