1055 1043 1057 1086 1126 1133 1151 1154 1109 1149 1121 1106 1086 1071 1069 1023 
1069 1159 1142 1079 1195 1129 1139 1201 1223 1202 1145 1190 1121 1170 1239 1057 
1027 1103 1137 1181 1157 1201 1170 1201 1184 1187 1251 1222 1164 1143 1142 1100 
1039 1221 1155 1236 1236 1182 1121 1273 1299 1201 1226 1214 1152 1138 1114 1048 
1087 1119 1210 1245 1226 1233 1211 1183 1220 1292 1301 1192 1234 1151 1123 1126 
1065 1125 1232 1266 1254 1204 1241 1247 1291 1239 1199 1220 1208 1122 1145 1099 
1075 1210 1204 1253 1282 1268 1240 1297 1301 1264 1217 1168 1274 1192 1135 1047 
1147 1249 1211 1288 1274 1300 1296 1304 1276 1334 1293 1297 1269 1239 1184 1073 
1128 1202 1233 1302 1371 1300 1342 1365 1353 1315 1332 1331 1250 1263 1218 1142 
1122 1271 1284 1353 1398 1426 1467 1354 1382 1383 1277 1292 1273 1247 1186 1119 
1172 1243 1288 1370 1567 1549 1559 1526 1477 1447 1369 1302 1330 1232 1148 1138 
1225 1301 1390 1607 1667 1832 1823 1771 1647 1517 1353 1307 1277 1211 1220 1135 
1203 1442 1426 1595 2083 2399 2770 2375 1927 1527 1449 1418 1278 1259 1128 1125 
1210 1320 1474 1777 2505 6694 13622 5996 2347 1880 1513 1346 1310 1172 1186 1074 
1187 1345 1529 1921 3106 41891 83779 30129 2925 1940 1603 1441 1283 1274 1127 1102 
1142 1310 1446 1808 2786 17957 45604 17079 2705 1770 1475 1246 1189 1122 1142 1069 
