141 139 139 114 130 146 158 151 145 148 131 130 121 114 138 164 
170 131 141 134 157 191 296 172 157 138 150 137 165 144 133 145 
149 146 135 145 151 2348 7262 2564 166 157 162 132 145 153 115 134 
167 144 154 140 154 8119 14035 5784 179 143 131 147 147 140 144 161 
142 127 138 140 145 1039 2754 610 182 168 127 141 141 140 136 142 
154 155 161 143 152 155 153 141 118 132 141 139 146 148 157 154 
136 127 150 132 126 140 121 157 131 133 139 149 131 150 145 134 
137 132 138 136 160 141 129 138 144 154 138 125 129 166 155 131 
120 118 150 148 138 139 151 126 144 119 131 134 156 134 154 175 
147 149 132 140 150 141 135 146 159 129 137 134 160 138 140 138 
162 142 126 126 132 119 147 132 140 153 146 123 135 118 132 139 
173 128 138 132 121 134 114 148 130 156 139 145 155 127 159 132 
162 148 134 130 141 142 144 127 122 133 120 145 155 137 152 144 
148 132 155 138 141 142 136 131 151 128 129 180 145 142 147 137 
129 128 155 135 141 161 120 157 155 154 142 143 142 139 141 134 
170 162 138 152 164 147 150 165 154 127 142 132 133 158 161 175 
