1129 1246 1469 1766 2321 3801 5133 3310 2315 1776 1377 1280 1192 1163 1111 1044 
1285 1390 1616 2152 3314 18979 50364 19774 3041 2042 1644 1421 1344 1214 1151 1069 
1307 1494 1732 2139 3627 52303 95565 38084 3351 2119 1687 1445 1331 1223 1145 1075 
1214 1406 1648 1968 2801 8439 18159 6992 2840 2032 1677 1433 1325 1237 1231 1093 
1218 1415 1595 1821 2188 2666 3081 2664 2264 1741 1566 1550 1354 1281 1177 1091 
1167 1388 1467 1646 1776 1882 1944 2017 1799 1761 1504 1427 1290 1282 1228 1120 
1167 1327 1367 1473 1432 1600 1723 1608 1651 1481 1455 1298 1332 1321 1211 1142 
1118 1273 1337 1358 1478 1516 1481 1532 1483 1426 1368 1316 1292 1269 1209 1129 
1193 1252 1267 1333 1345 1441 1397 1379 1429 1339 1356 1286 1224 1255 1245 1220 
1086 1175 1262 1268 1319 1399 1352 1290 1373 1262 1208 1294 1288 1261 1191 1120 
1171 1208 1235 1339 1293 1279 1320 1402 1261 1299 1235 1222 1269 1222 1148 1069 
1094 1170 1228 1245 1316 1215 1271 1312 1322 1246 1252 1233 1224 1187 1168 1159 
1168 1157 1187 1263 1188 1251 1204 1207 1291 1225 1249 1231 1179 1218 1203 1095 
1054 1219 1180 1203 1203 1204 1146 1182 1220 1230 1167 1160 1246 1144 1131 1084 
1062 1073 1143 1192 1169 1175 1161 1239 1176 1257 1177 1214 1089 1160 1121 1058 
1043 1134 1110 1132 1136 1076 1011 1128 1182 1166 1106 1064 1131 1090 1113 1035 
