173 139 175 155 135 150 165 162 145 163 149 162 165 150 181 176 
145 174 131 131 150 154 165 164 157 144 187 156 150 141 144 169 
152 145 143 148 162 154 133 156 130 161 171 152 141 126 140 160 
163 146 153 122 125 180 149 141 140 136 169 163 132 122 144 159 
169 155 157 159 142 168 152 133 149 165 157 144 128 161 153 156 
163 157 152 144 142 161 152 131 139 137 156 129 136 144 168 169 
162 139 151 167 126 153 153 163 135 145 153 134 160 152 155 145 
153 147 133 166 159 155 143 158 145 144 125 140 140 135 151 136 
148 144 156 154 149 145 142 179 147 129 141 144 156 128 156 156 
135 144 160 142 171 177 164 186 163 145 159 156 146 135 140 157 
137 173 138 152 185 1809 4672 754 149 149 144 145 145 158 138 173 
161 159 161 170 185 9262 14647 7142 186 153 148 155 121 152 139 172 
136 131 135 166 174 2623 8312 3039 176 133 124 138 144 143 145 167 
166 134 165 155 161 175 274 193 139 138 151 120 164 183 159 145 
150 142 136 138 143 139 119 153 164 143 163 169 143 128 151 170 
145 131 146 169 141 166 144 170 158 132 122 143 146 143 166 170 
