152 181 160 129 158 160 148 184 152 153 142 156 178 160 149 154 
179 155 140 147 149 133 167 145 166 156 138 176 131 149 164 160 
156 159 162 147 136 151 158 174 168 164 146 152 126 163 134 173 
155 140 163 155 185 168 158 138 151 141 158 165 165 157 160 185 
191 158 149 155 154 189 179 175 159 158 157 144 160 173 144 170 
145 174 151 172 172 3142 10083 3812 174 169 135 118 154 156 156 154 
150 125 149 164 196 10067 15670 8584 181 157 151 172 157 144 151 146 
159 143 173 161 178 3756 8574 1680 168 127 136 147 136 150 140 150 
154 163 181 144 179 194 202 181 144 162 151 181 148 144 162 147 
157 138 171 151 160 171 174 165 126 161 166 148 139 142 149 168 
145 173 147 147 147 138 169 174 148 165 146 157 163 177 145 168 
134 149 185 129 158 165 155 175 136 176 141 138 166 161 182 180 
146 145 135 165 145 146 166 140 153 157 167 137 139 128 146 171 
149 133 131 174 161 160 168 149 151 165 136 171 145 164 145 155 
166 156 133 146 154 149 142 149 152 152 170 174 174 132 157 161 
169 137 151 169 168 170 165 177 148 178 179 174 163 143 171 172 
