1093 1209 1448 1867 2837 17633 44961 17224 2708 1751 1489 1242 1219 1127 1092 1021 
1170 1290 1525 1946 3305 42589 84589 29896 2986 1864 1541 1445 1296 1187 1116 1050 
1207 1322 1563 1930 2533 6719 13943 6049 2492 1818 1566 1363 1297 1238 1150 1086 
1232 1279 1434 1725 2108 2457 2698 2513 1982 1676 1470 1378 1268 1213 1231 1079 
1149 1273 1401 1536 1733 1887 1867 1813 1655 1567 1406 1357 1320 1338 1179 1093 
1160 1242 1343 1413 1526 1612 1567 1504 1452 1469 1345 1284 1236 1209 1168 1081 
1103 1253 1284 1386 1370 1436 1372 1341 1378 1369 1372 1273 1262 1183 1249 1137 
1106 1170 1304 1268 1331 1299 1322 1298 1340 1392 1331 1244 1293 1259 1213 1094 
1143 1185 1247 1248 1220 1342 1320 1280 1347 1352 1257 1279 1196 1299 1218 1075 
1030 1193 1285 1313 1178 1251 1294 1262 1305 1212 1267 1250 1245 1198 1207 1065 
1099 1169 1171 1218 1207 1215 1254 1259 1264 1245 1219 1261 1227 1179 1163 1073 
1123 1125 1198 1223 1238 1226 1273 1227 1234 1241 1174 1258 1186 1215 1177 1077 
1134 1234 1204 1253 1180 1153 1241 1211 1250 1265 1233 1208 1214 1198 1133 1117 
1018 1128 1109 1125 1121 1209 1222 1218 1198 1149 1223 1155 1136 1162 1158 1039 
1091 1092 1167 1141 1150 1176 1163 1090 1167 1184 1222 1124 1192 1240 1148 1084 
990 1068 1113 1104 1118 1034 1122 1120 1115 1094 1127 1037 1074 1056 1107 1063 
