186 178 154 160 144 179 186 183 174 195 159 188 178 176 164 178 
185 140 176 150 184 195 151 161 140 152 166 177 154 180 169 191 
163 134 148 164 161 142 173 153 157 153 168 176 133 161 147 154 
165 144 161 154 134 138 156 166 150 153 164 190 147 161 194 166 
159 177 141 171 155 155 150 171 124 159 149 139 155 157 163 173 
147 158 166 174 157 143 156 177 142 172 152 148 188 155 161 167 
169 160 154 134 142 149 166 161 169 166 158 139 137 137 155 135 
159 143 141 159 144 164 161 133 154 156 143 148 135 149 168 182 
153 164 158 134 160 134 168 170 137 144 137 144 150 144 167 182 
159 157 149 158 141 166 164 148 160 150 151 161 166 163 129 168 
142 144 162 186 163 139 153 158 149 138 147 171 165 137 170 148 
168 156 140 132 148 142 163 164 161 135 127 157 171 155 141 158 
147 146 136 159 145 157 148 157 164 147 178 131 134 148 142 151 
175 130 152 173 138 181 187 176 178 157 151 154 142 147 157 161 
138 146 156 175 187 555 1366 535 165 156 171 169 148 156 169 159 
169 126 152 175 182 4839 10985 3208 162 182 142 151 158 155 171 165 
