152 139 138 149 145 141 144 143 154 136 152 166 132 150 161 165 
144 140 146 151 145 167 133 149 142 154 153 160 169 146 157 162 
154 162 133 158 131 157 131 144 163 144 128 163 122 149 167 155 
150 148 147 148 140 141 148 150 147 145 142 154 137 138 156 175 
131 153 136 144 144 125 144 138 167 136 154 134 148 128 144 155 
155 123 142 142 164 164 150 145 155 132 136 137 156 114 157 158 
158 144 162 135 155 195 190 166 161 145 170 166 152 139 155 150 
147 149 127 177 163 3583 10055 2409 170 157 135 158 160 148 153 164 
164 155 149 142 161 9451 14547 8635 182 141 148 144 147 153 150 166 
149 160 154 166 167 3369 10243 3416 180 155 151 143 128 139 154 142 
137 159 154 151 156 179 184 167 181 133 166 150 142 144 129 149 
184 139 139 126 172 130 168 190 141 179 151 141 149 136 163 158 
195 136 154 144 136 144 152 164 125 141 163 118 125 126 132 135 
146 143 157 149 167 145 134 111 140 133 153 141 149 162 138 167 
157 149 146 153 143 141 156 151 144 121 139 152 166 150 157 156 
137 135 133 149 152 156 164 149 161 139 151 157 158 169 179 157 
