183 171 181 176 175 180 166 177 175 185 151 191 166 196 155 212 
177 175 178 136 166 152 150 176 171 159 160 169 150 178 180 162 
151 150 153 154 153 146 149 166 172 160 164 166 139 166 164 165 
155 155 136 164 183 174 138 139 165 159 166 161 169 163 160 187 
155 162 160 161 160 154 135 159 142 158 156 142 173 154 161 178 
147 134 145 165 159 146 145 149 154 143 143 160 163 156 149 153 
159 166 136 173 159 166 167 151 185 144 163 153 160 159 156 188 
181 174 124 146 173 180 165 154 167 168 163 155 148 171 136 161 
154 161 157 163 165 138 147 150 178 130 157 187 144 170 166 165 
160 166 161 156 152 143 143 142 162 166 141 181 136 153 175 154 
171 150 139 152 159 170 151 140 135 163 137 147 156 169 157 170 
178 159 145 160 162 143 161 159 151 166 151 157 157 148 161 166 
174 187 144 140 184 157 205 166 156 147 143 153 142 172 166 178 
149 156 160 156 162 671 1688 559 152 194 168 164 153 153 154 137 
157 152 150 156 178 6417 13160 4357 197 167 144 176 157 178 147 150 
156 169 145 168 217 2530 6918 2252 163 172 155 150 145 157 170 189 
