146 130 160 153 159 156 146 149 138 154 143 119 141 132 149 176 
145 142 109 124 132 151 156 128 142 142 143 167 148 138 133 158 
177 136 119 130 129 142 138 144 140 148 139 127 130 133 132 171 
140 130 133 136 141 145 169 159 142 148 146 136 129 155 157 147 
151 131 148 127 145 155 144 147 163 134 126 140 128 161 139 157 
148 139 155 154 160 172 173 154 152 145 151 129 150 137 137 142 
146 149 133 142 157 3053 9755 3284 176 140 136 157 156 167 152 159 
139 161 134 162 184 9219 14342 8166 147 140 133 121 139 157 137 151 
135 131 140 139 159 3403 9577 2373 171 163 133 145 160 140 154 140 
163 158 137 156 152 181 212 131 155 134 137 154 144 140 164 164 
139 128 140 147 145 133 155 147 151 134 148 135 150 138 138 147 
144 125 137 137 149 140 140 139 128 147 139 137 143 133 158 146 
144 152 131 134 144 142 130 137 154 154 141 122 122 157 158 151 
142 143 131 128 154 140 143 124 120 157 146 147 166 166 134 158 
161 150 141 161 146 142 121 144 126 156 146 131 133 131 155 150 
151 147 152 133 150 134 155 169 172 150 130 145 140 147 142 146 
