1148 1237 1275 1417 1410 1544 1515 1490 1444 1293 1291 1288 1258 1136 1101 1043 
1237 1341 1459 1639 1725 1888 1868 1907 1775 1615 1441 1344 1300 1217 1234 1126 
1252 1458 1712 1896 2180 2580 2673 2464 2072 1815 1620 1465 1342 1271 1230 1102 
1319 1528 1798 2174 2892 3863 4781 3934 2798 2147 1715 1587 1394 1273 1239 1205 
1300 1538 1897 2539 3976 24189 66226 27456 3741 2521 1877 1724 1490 1310 1244 1135 
1308 1578 1978 2691 4571 69474 105906 57118 4315 2506 1887 1694 1434 1323 1323 1180 
1282 1584 1831 2496 3876 23460 47213 11666 3509 2275 1903 1619 1525 1413 1236 1195 
1275 1504 1804 2152 2701 3772 4121 3394 2624 2165 1732 1548 1389 1349 1237 1179 
1331 1504 1633 1865 2185 2361 2462 2355 2080 1870 1558 1509 1352 1308 1302 1230 
1279 1394 1541 1587 1796 1812 1929 1866 1661 1598 1557 1425 1376 1304 1223 1111 
1236 1401 1395 1480 1552 1573 1694 1635 1588 1502 1450 1366 1369 1315 1222 1163 
1117 1262 1377 1385 1409 1495 1474 1506 1464 1440 1407 1398 1332 1255 1217 1181 
1102 1222 1272 1325 1337 1389 1432 1441 1373 1375 1236 1315 1277 1200 1265 1150 
1131 1176 1244 1230 1230 1334 1294 1310 1287 1271 1310 1337 1221 1182 1195 1132 
1052 1083 1163 1180 1162 1253 1251 1152 1251 1210 1299 1191 1223 1158 1136 1160 
1053 1072 1146 1112 1100 1189 1157 1219 1188 1200 1081 1088 1097 1147 1056 1061 
