998 1057 1148 1042 1086 1098 1160 1099 1072 1081 1085 1137 1119 1066 988 1032 
1085 1077 1143 1179 1184 1199 1117 1165 1126 1110 1152 1164 1128 1097 1128 1043 
1021 1094 1087 1182 1195 1155 1184 1161 1127 1160 1152 1244 1137 1167 1099 1002 
1119 1137 1163 1126 1212 1137 1161 1245 1180 1184 1161 1191 1216 1185 1112 1106 
1119 1161 1156 1126 1240 1168 1209 1222 1214 1220 1173 1137 1170 1133 1132 1035 
1035 1200 1193 1231 1134 1198 1195 1288 1212 1258 1224 1144 1184 1145 1130 1142 
1083 1199 1194 1127 1167 1196 1239 1269 1230 1259 1193 1232 1152 1176 1149 1063 
1092 1154 1164 1219 1186 1165 1209 1230 1223 1334 1154 1151 1149 1172 1070 1043 
1147 1160 1184 1120 1250 1329 1306 1260 1185 1254 1253 1235 1207 1137 1133 1099 
1158 1161 1190 1225 1294 1278 1320 1321 1287 1298 1210 1198 1155 1112 1179 1074 
1117 1140 1212 1332 1285 1355 1306 1284 1393 1316 1212 1290 1181 1215 1262 1073 
1083 1155 1164 1299 1398 1373 1389 1424 1394 1255 1250 1248 1189 1233 1087 1048 
1067 1228 1229 1452 1488 1668 1647 1599 1521 1428 1375 1239 1195 1222 1098 1139 
1102 1266 1340 1492 1710 1963 2203 2034 1693 1522 1360 1274 1248 1184 1124 1047 
1004 1224 1368 1586 2019 5267 10694 4798 1905 1497 1437 1255 1224 1153 1090 1027 
1067 1051 1292 1575 2179 31273 68628 21934 2062 1517 1230 1128 1143 1015 1021 946 
