161 156 158 152 170 270 414 190 175 152 140 141 145 173 166 161 
192 167 157 146 187 2419 7650 2591 171 181 163 172 151 158 143 161 
171 165 127 165 185 7680 14742 5464 186 168 172 143 150 131 132 153 
141 153 170 156 160 768 2221 619 167 148 173 145 158 157 154 145 
158 166 158 179 182 179 174 171 181 159 141 186 144 168 142 179 
167 150 155 151 160 165 163 153 154 160 173 166 167 158 183 160 
160 152 143 149 151 144 164 173 196 148 156 170 166 158 155 153 
145 171 169 144 163 146 176 188 178 162 137 182 147 143 180 183 
181 147 168 153 147 174 140 155 148 171 158 159 158 163 171 166 
147 141 157 141 141 151 166 178 145 168 149 171 173 142 176 164 
188 180 164 204 155 160 139 176 171 161 143 149 159 146 163 142 
134 162 159 144 135 149 181 164 179 151 160 130 157 173 154 185 
155 166 162 164 139 165 156 162 175 164 174 155 159 156 180 158 
165 172 140 159 161 162 150 159 181 172 158 171 150 158 167 187 
175 167 161 173 146 173 144 167 174 184 162 159 150 167 163 147 
164 188 182 181 178 161 161 163 164 172 171 167 163 179 187 171 
