1004 1110 1298 1381 1701 1940 2032 1915 1622 1462 1206 1102 1083 966 964 927 
1051 1248 1363 1713 2305 3332 4311 3108 2331 1766 1432 1273 1179 1131 1103 941 
1127 1282 1499 1860 3081 17933 48842 19455 2989 1921 1508 1296 1226 1190 1080 981 
1149 1327 1571 2129 3532 53447 89664 39382 3180 2022 1523 1430 1221 1170 1099 997 
1118 1355 1537 1952 2827 9984 21749 6824 2660 1910 1467 1402 1227 1096 1125 943 
1145 1349 1514 1652 2155 2679 2992 2594 2007 1630 1443 1268 1197 1167 1095 1038 
1090 1142 1375 1528 1662 1799 1919 1893 1685 1459 1373 1279 1127 1090 1079 1004 
1078 1157 1258 1401 1428 1483 1501 1529 1389 1345 1257 1112 1229 1093 1067 984 
991 1097 1264 1194 1272 1340 1348 1286 1263 1347 1211 1234 1182 1076 1029 1092 
1055 1065 1160 1183 1236 1209 1213 1234 1238 1245 1124 1155 1185 1126 1057 1023 
1042 1080 1111 1108 1160 1180 1181 1151 1116 1150 1219 1047 1075 1039 1012 1006 
1057 1075 1122 1131 1067 1137 1126 1076 1173 1075 1133 1035 1125 1036 1050 929 
1065 1060 1059 1063 1110 1134 1125 1057 1089 1104 1100 1096 1106 1030 1077 969 
973 985 1086 1097 1028 1114 1062 1044 1053 1018 1053 1153 1093 1047 1004 969 
924 955 1003 970 1056 1026 995 1089 1044 1040 1160 1005 1000 1005 925 956 
886 949 956 981 1015 992 961 1029 1016 985 989 915 959 988 900 904 
