1034 1094 1242 1320 1443 1598 1596 1550 1503 1338 1257 1164 1096 1039 1041 982 
1114 1220 1399 1610 1879 2108 2352 2223 1884 1646 1385 1301 1141 1183 1104 1008 
1243 1299 1627 1804 2393 3668 4540 3519 2453 1920 1587 1438 1288 1168 1130 1100 
1228 1415 1674 2229 3454 20330 55945 23003 3217 2187 1585 1446 1350 1157 1135 1061 
1232 1427 1691 2253 3872 61324 97183 47538 3572 2262 1741 1448 1292 1155 1174 1054 
1213 1403 1713 2163 3313 14835 32628 8681 3119 2064 1654 1450 1310 1215 1133 1031 
1169 1339 1643 1854 2413 3095 3232 2845 2334 1945 1500 1392 1234 1215 1137 1043 
1127 1349 1529 1647 1877 2156 2143 2024 1773 1579 1428 1355 1225 1169 1091 1020 
1083 1191 1354 1509 1525 1688 1668 1671 1519 1503 1377 1286 1228 1253 1138 999 
1083 1189 1281 1308 1442 1383 1373 1429 1348 1292 1323 1256 1138 1178 1134 1066 
1122 1140 1231 1332 1287 1386 1347 1288 1289 1299 1331 1258 1190 1146 1132 1026 
1019 1105 1114 1163 1281 1266 1347 1167 1289 1223 1164 1136 1176 1083 1124 1038 
1075 1102 1132 1142 1172 1161 1239 1179 1134 1190 1125 1177 1130 1149 1051 1055 
1016 1154 1086 1112 1099 1167 1190 1140 1170 1137 1121 1157 1070 1080 1017 980 
991 1050 1059 1174 1124 1044 1117 1144 1163 1109 1079 1055 1138 1040 1056 1065 
986 1008 1009 1004 1035 1006 1071 1053 1012 990 1081 989 1092 1007 945 969 
