1031 1087 1173 1219 1216 1259 1245 1324 1261 1304 1187 1143 1147 1048 1075 1000 
1181 1197 1347 1328 1477 1531 1600 1517 1541 1400 1303 1285 1180 1188 1201 990 
1226 1302 1452 1577 1766 1906 1929 1850 1752 1530 1457 1397 1238 1265 1103 1105 
1206 1374 1520 1845 2145 2527 2636 2504 2225 1886 1640 1538 1394 1255 1270 1128 
1265 1440 1751 2129 2718 3877 4568 3919 2892 2148 1748 1511 1330 1282 1206 1144 
1304 1546 1867 2448 3972 24635 67076 27961 3795 2489 1842 1569 1386 1305 1217 1170 
1249 1583 1842 2657 4618 67556 102404 58272 4259 2617 1776 1653 1359 1266 1240 1137 
1327 1612 1914 2508 3867 28220 58035 15158 3725 2480 1868 1566 1424 1258 1254 1118 
1262 1504 1716 2212 2901 3824 4419 3571 2700 2056 1652 1514 1376 1342 1223 1130 
1172 1398 1548 1890 2077 2393 2502 2468 2106 1870 1571 1490 1341 1261 1151 1122 
1186 1359 1448 1561 1721 1866 1993 1904 1765 1623 1443 1376 1291 1280 1168 1112 
1180 1262 1472 1399 1537 1533 1640 1649 1469 1469 1406 1307 1303 1232 1132 1159 
1130 1215 1270 1324 1311 1398 1465 1363 1423 1436 1273 1335 1227 1158 1165 1088 
1108 1130 1168 1335 1283 1327 1381 1331 1313 1254 1204 1207 1187 1162 1077 1025 
991 1124 1201 1208 1169 1255 1253 1268 1162 1288 1223 1186 1136 1105 1042 994 
1015 1069 1057 1154 1166 1122 1153 1155 1091 1133 1073 1107 1102 995 1004 987 
