178 150 153 157 199 155 179 164 159 176 155 155 169 157 174 203 
156 161 145 163 140 183 145 184 147 140 153 159 155 144 139 196 
197 165 148 178 145 171 176 147 150 150 177 170 138 139 132 163 
167 143 165 147 183 146 150 168 182 144 161 135 177 149 172 150 
148 150 153 154 140 151 142 161 140 161 153 141 158 139 185 161 
169 155 142 147 150 160 165 158 155 161 134 152 157 176 152 148 
152 153 140 161 157 148 156 157 139 145 167 140 157 140 127 155 
173 159 161 145 185 140 143 143 163 150 143 142 142 148 142 159 
157 136 149 152 134 169 137 159 123 124 162 137 136 173 147 149 
139 166 143 158 150 164 136 160 158 172 131 137 168 164 164 177 
153 132 149 149 174 182 178 162 164 147 172 170 136 149 164 157 
166 164 130 171 185 1093 2976 697 176 148 157 140 153 151 124 174 
144 141 152 164 210 9016 15187 6455 173 179 154 155 168 138 155 162 
154 163 150 149 166 2609 8319 2945 172 178 151 152 140 179 182 136 
177 169 157 153 165 237 347 173 160 159 164 143 150 163 160 162 
163 141 159 157 180 169 179 186 173 146 137 159 157 153 175 175 
