991 1071 1103 1159 1102 1167 1112 1152 1065 1127 1101 1101 1062 1108 1049 1083 
1028 1119 1146 1178 1162 1214 1245 1205 1195 1164 1131 1119 1164 1119 1123 1032 
1064 1164 1162 1195 1240 1284 1283 1283 1243 1159 1165 1228 1213 1251 1215 1083 
1104 1134 1186 1208 1264 1330 1264 1279 1227 1264 1275 1263 1267 1179 1194 1083 
1168 1164 1266 1280 1287 1270 1274 1310 1316 1284 1277 1265 1224 1248 1150 1136 
1175 1120 1248 1338 1272 1296 1290 1215 1262 1246 1312 1281 1250 1219 1233 1115 
1115 1250 1287 1286 1317 1461 1376 1373 1315 1343 1288 1285 1313 1231 1215 1129 
1182 1203 1302 1324 1293 1429 1421 1458 1385 1291 1285 1378 1224 1228 1222 1074 
1132 1258 1341 1416 1492 1525 1472 1515 1497 1433 1482 1354 1245 1290 1202 1148 
1248 1268 1434 1541 1534 1633 1699 1577 1461 1543 1409 1353 1304 1330 1162 1187 
1310 1396 1584 1627 1838 1992 2025 1981 1759 1672 1470 1377 1365 1271 1248 1134 
1267 1431 1582 1777 2230 2683 2933 2570 2149 1770 1607 1427 1354 1343 1194 1117 
1258 1368 1700 1925 2934 8011 16975 6625 2730 2069 1717 1470 1375 1296 1218 1154 
1278 1424 1708 2242 3630 52392 95176 36723 3281 2020 1644 1459 1336 1269 1207 1053 
1223 1354 1663 2171 3259 20113 51801 20023 3083 2142 1637 1490 1325 1288 1194 1092 
1149 1321 1496 1809 2336 3800 5072 3308 2377 1739 1436 1376 1245 1174 1129 982 
