161 153 158 165 135 137 175 154 159 147 157 136 137 157 147 142 
135 142 172 146 143 140 152 157 127 142 124 170 142 150 156 151 
154 154 140 170 160 160 139 152 155 142 159 163 174 137 133 128 
163 154 141 133 165 146 158 136 144 114 128 162 159 139 146 146 
151 132 121 154 138 150 157 137 124 159 147 160 132 157 124 160 
134 167 143 150 162 142 159 125 160 171 150 137 160 141 153 149 
134 151 168 150 121 163 144 150 155 126 145 168 149 142 171 155 
177 129 130 141 142 154 174 170 158 148 117 163 131 123 142 144 
139 171 165 168 151 167 168 165 173 143 167 147 146 157 149 173 
138 137 146 153 161 2769 6274 1166 157 159 152 157 143 122 124 157 
141 144 143 176 201 9348 14415 7654 167 143 156 126 148 155 159 153 
145 148 147 168 177 2678 9161 3335 173 163 156 147 155 140 143 150 
175 145 145 158 160 165 197 172 180 134 142 156 153 166 139 139 
169 136 149 135 143 146 172 165 150 140 134 129 144 146 164 126 
151 127 145 149 134 144 135 143 133 153 137 128 136 140 124 165 
152 147 139 136 135 159 169 141 171 161 173 157 162 143 131 148 
