910 989 1055 1039 987 1056 1043 1074 993 993 1062 1014 999 1001 986 944 
987 1019 1106 1097 1125 1104 1102 1137 1044 1066 1049 1077 1088 1067 1064 971 
1025 1087 1079 1154 1181 1152 1132 1201 1096 1138 1096 1115 1094 1021 1020 985 
1083 1074 1097 1201 1217 1197 1285 1268 1199 1176 1149 1194 1215 1094 1077 987 
1056 1166 1198 1250 1328 1277 1424 1340 1257 1361 1291 1239 1130 1182 1100 997 
1101 1246 1260 1367 1470 1471 1515 1458 1399 1365 1258 1252 1196 1146 1128 1013 
1143 1251 1402 1424 1575 1679 1756 1648 1565 1478 1356 1314 1205 1123 1168 1106 
1212 1374 1473 1698 1959 2138 2311 2175 1870 1646 1409 1367 1223 1166 1108 1043 
1201 1425 1600 1957 2615 3333 3589 3085 2457 1862 1643 1427 1355 1254 1171 1101 
1196 1423 1694 2219 3468 21467 43648 10906 3173 2189 1764 1552 1270 1205 1162 1066 
1200 1453 1838 2383 4108 61999 95757 51854 3824 2273 1794 1503 1272 1240 1151 1054 
1228 1352 1673 2268 3511 21396 59340 24862 3581 2359 1762 1519 1277 1199 1138 1069 
1159 1380 1662 1904 2573 3572 4415 3635 2670 1880 1611 1357 1312 1184 1137 964 
1154 1288 1395 1659 1982 2357 2447 2245 1901 1663 1468 1333 1231 1149 1112 1008 
1031 1201 1301 1440 1622 1693 1788 1624 1648 1442 1279 1267 1132 1150 1063 1014 
1027 1142 1134 1206 1278 1355 1423 1317 1304 1285 1247 1112 1034 1092 992 924 
