165 163 176 188 163 162 188 179 161 171 186 179 172 193 178 202 
161 163 177 165 133 144 169 179 162 153 157 154 167 164 168 154 
172 171 159 151 153 162 153 157 163 185 170 170 162 157 148 162 
166 158 176 167 168 170 147 167 157 148 149 151 143 168 174 154 
158 165 157 165 157 162 171 145 165 158 147 166 146 156 152 167 
187 158 153 170 167 162 156 143 154 138 140 170 147 158 153 172 
167 154 140 157 151 166 181 140 158 150 174 163 158 168 169 153 
154 153 150 136 144 158 153 149 126 142 129 140 159 156 181 142 
170 157 159 163 170 147 168 159 160 168 176 137 158 177 164 178 
155 155 168 166 181 148 170 122 142 166 133 140 152 167 148 161 
167 170 154 158 153 165 174 152 131 195 154 147 149 173 160 184 
138 169 164 155 155 154 199 188 151 147 155 158 154 141 171 160 
146 146 159 150 160 766 2201 611 144 187 178 160 134 157 122 150 
159 156 141 150 188 7875 14594 5362 163 169 161 147 135 161 163 155 
153 151 134 163 176 2597 7754 2633 183 178 157 176 163 167 159 163 
150 164 161 176 202 301 472 209 207 200 160 168 154 173 166 162 
