150 163 169 165 154 180 172 152 156 149 177 171 156 181 147 170 
156 140 171 172 168 154 148 172 157 164 160 166 183 157 169 183 
161 163 162 166 188 163 177 170 172 156 158 148 155 163 168 157 
177 151 133 166 171 209 243 179 192 162 158 166 129 162 175 155 
165 147 158 171 181 3115 9805 3726 184 159 188 146 152 166 154 144 
150 164 156 160 192 10569 16044 8265 207 153 158 184 167 142 187 161 
171 157 161 183 177 3061 6868 1132 190 143 171 141 163 158 132 172 
183 153 166 163 142 167 193 186 180 158 147 168 166 167 164 150 
181 168 179 165 147 184 169 145 168 169 121 158 148 157 167 176 
165 169 149 160 165 156 190 140 156 145 162 168 155 194 152 161 
170 144 139 171 166 165 176 153 164 181 134 159 172 167 136 159 
141 160 166 160 156 166 152 165 140 176 160 179 154 189 154 191 
153 156 170 150 161 162 160 158 165 170 144 159 171 120 181 165 
197 172 168 150 137 156 166 158 160 163 173 170 176 169 164 189 
167 166 154 164 149 152 162 131 168 151 169 177 160 146 159 180 
171 178 181 147 171 177 165 189 171 184 168 150 142 180 164 184 
