1000 1205 1277 1611 2276 31233 68053 21376 1986 1449 1304 1184 1126 1021 1097 991 
1115 1188 1346 1579 1977 5201 10736 4831 1951 1512 1371 1224 1166 1167 1159 1033 
1105 1273 1237 1461 1651 1992 2327 1933 1681 1483 1273 1232 1248 1188 1114 1081 
1142 1153 1272 1398 1554 1613 1551 1530 1522 1346 1325 1251 1283 1160 1124 1033 
1107 1250 1239 1305 1396 1468 1421 1443 1383 1294 1346 1262 1198 1224 1128 1058 
1022 1101 1263 1291 1328 1379 1315 1342 1337 1287 1361 1279 1237 1219 1155 1085 
1084 1182 1233 1217 1268 1378 1259 1345 1263 1215 1221 1280 1255 1182 1181 1089 
1072 1157 1150 1208 1274 1250 1283 1256 1233 1264 1285 1299 1176 1180 1144 1103 
1035 1155 1214 1179 1217 1201 1258 1256 1211 1262 1241 1220 1215 1237 1096 1055 
1063 1113 1211 1161 1256 1293 1201 1177 1249 1234 1171 1189 1249 1156 1122 1132 
1052 1181 1236 1149 1252 1252 1164 1278 1233 1238 1164 1265 1176 1221 1168 1089 
1109 1143 1203 1186 1236 1236 1212 1240 1170 1203 1184 1212 1241 1120 1117 1100 
1074 1132 1131 1188 1211 1184 1285 1236 1240 1140 1190 1174 1178 1191 1119 1037 
982 1068 1169 1187 1133 1136 1198 1191 1139 1174 1156 1148 1144 1104 1119 1014 
1054 1030 1105 1161 1149 1167 1182 1147 1158 1171 1135 1110 1130 1172 1043 1079 
981 1109 1072 1125 1002 1090 1077 1091 1164 1063 1156 1082 1065 1129 1043 992 
