967 995 1021 988 1040 988 1037 1097 1086 1044 1050 1034 1004 920 1008 980 
977 1074 1127 1012 1122 1133 1115 1135 1094 1122 1162 1150 1087 1013 1029 1016 
1003 1094 1116 1130 1149 1148 1140 1154 1163 1150 1197 1119 1129 1066 1044 1044 
1046 1131 1227 1164 1160 1247 1241 1135 1246 1158 1180 1156 1111 1134 1135 1009 
1049 1100 1195 1186 1171 1289 1252 1230 1182 1229 1185 1163 1118 1179 1138 1026 
1093 1215 1211 1251 1240 1410 1423 1354 1314 1310 1234 1174 1132 1107 1131 1041 
1086 1166 1290 1339 1447 1413 1545 1438 1374 1355 1298 1224 1195 1166 1133 1021 
1090 1293 1314 1497 1589 1720 1677 1660 1525 1457 1362 1326 1151 1137 1156 1042 
1151 1312 1490 1593 1903 2047 2141 2059 1734 1605 1418 1379 1233 1204 1103 1034 
1179 1349 1584 1962 2404 2993 3366 2863 2311 1817 1569 1432 1320 1212 1125 1030 
1248 1444 1642 2164 3154 15113 32009 8368 2904 2108 1685 1386 1287 1172 1145 1008 
1235 1386 1691 2288 3938 61117 96712 47167 3654 2175 1712 1436 1294 1265 1079 1068 
1201 1350 1659 2196 3517 20215 55546 22873 3273 2084 1626 1407 1248 1284 1139 1061 
1187 1353 1599 1848 2518 3488 4628 3551 2392 1878 1541 1352 1263 1290 1146 1030 
1092 1234 1466 1564 1891 2047 2268 2124 1886 1589 1431 1313 1194 1130 1106 1037 
983 1129 1202 1378 1396 1655 1612 1608 1438 1343 1278 1176 1137 1042 1085 1000 
