144 155 150 161 176 2332 6596 2223 172 170 168 152 158 145 151 183 
152 151 158 179 188 6484 13142 4349 198 163 167 167 165 160 141 157 
148 141 143 158 149 603 1741 568 158 172 160 154 145 144 153 164 
147 141 163 140 161 148 182 160 143 158 132 146 159 168 173 145 
159 149 157 150 168 149 148 179 149 144 157 158 172 154 182 165 
163 165 170 147 166 163 160 154 150 152 150 155 180 161 157 156 
168 183 145 171 167 146 150 149 141 145 151 147 172 135 161 163 
162 167 170 144 150 138 141 141 146 172 160 165 155 153 162 169 
172 140 133 142 144 159 141 150 153 143 130 159 170 177 157 158 
145 157 160 152 156 156 142 140 184 130 173 148 143 167 159 176 
164 155 157 137 158 157 145 153 150 142 142 136 179 180 148 163 
161 149 155 143 177 159 155 149 157 177 160 153 141 162 169 172 
160 177 137 163 173 155 179 179 171 168 188 167 140 188 181 144 
141 164 144 169 166 173 160 168 175 166 162 163 151 151 172 172 
185 178 190 147 158 162 176 152 168 159 175 156 180 188 175 154 
204 189 177 156 169 176 169 171 170 163 191 185 178 167 168 160 
