152 142 132 171 172 4913 10827 3195 144 166 161 153 155 172 158 163 
149 141 159 174 161 575 1389 542 185 162 166 150 133 143 131 167 
173 168 152 148 182 174 211 147 185 158 155 144 142 143 142 157 
176 140 149 165 126 160 148 167 179 136 133 142 166 132 157 165 
143 175 145 127 163 133 121 151 160 141 158 130 144 159 131 153 
171 147 155 145 159 148 153 142 141 144 150 171 149 139 146 138 
173 146 160 134 136 152 162 141 159 155 135 164 159 142 136 157 
156 148 142 157 167 134 160 172 137 146 169 161 144 161 145 164 
139 129 159 147 156 160 146 159 161 162 138 148 155 153 140 198 
170 148 164 171 158 177 152 137 154 153 153 158 159 143 155 169 
178 156 144 143 169 159 145 160 167 141 148 163 151 178 169 152 
158 151 136 149 150 152 141 130 142 144 138 178 176 130 152 151 
169 161 163 166 165 161 154 171 167 165 147 154 182 163 162 157 
149 161 151 155 154 152 164 151 147 158 180 173 151 140 166 141 
166 165 167 168 154 172 161 152 148 157 188 154 166 168 177 194 
180 183 158 169 160 163 195 177 201 167 174 180 174 159 167 178 
