1052 1089 1128 1156 1242 1200 1205 1245 1268 1258 1223 1181 1170 1077 1102 1006 
1067 1200 1268 1284 1301 1359 1359 1372 1366 1305 1403 1312 1196 1246 1074 1096 
1106 1209 1207 1328 1444 1464 1543 1527 1460 1492 1428 1387 1309 1205 1222 1075 
1169 1301 1337 1462 1567 1694 1643 1813 1701 1741 1544 1493 1345 1349 1274 1160 
1195 1346 1478 1622 1753 1968 2037 2069 2051 1895 1681 1648 1460 1344 1259 1235 
1271 1382 1550 1661 1971 2323 2724 2905 2702 2345 2054 1767 1462 1456 1300 1157 
1274 1421 1567 1833 2279 3061 4373 5128 4364 3145 2399 1852 1589 1429 1304 1175 
1294 1441 1681 1971 2735 4417 32082 74928 29006 4326 2849 2049 1698 1443 1283 1181 
1245 1444 1681 2117 2797 5229 74313 106018 75308 5001 3005 2136 1656 1474 1375 1262 
1294 1547 1653 2071 2788 4354 29657 73804 32523 4266 2721 1992 1649 1540 1423 1260 
1264 1363 1595 1979 2282 3164 4292 5145 4364 3120 2307 1850 1607 1501 1378 1157 
1229 1393 1491 1768 1909 2367 2719 2934 2675 2362 2026 1766 1547 1327 1351 1150 
1203 1281 1464 1523 1683 1937 2078 2119 1976 1925 1809 1584 1454 1306 1271 1231 
1185 1284 1254 1391 1548 1644 1608 1751 1735 1665 1607 1436 1378 1293 1221 1091 
1094 1214 1304 1317 1437 1486 1444 1452 1544 1438 1416 1334 1325 1167 1193 1078 
1028 1088 1176 1161 1208 1296 1256 1380 1246 1268 1202 1168 1253 1118 1108 1003 
