902 937 935 917 929 943 996 1004 958 1043 954 1027 992 988 923 980 
902 965 974 942 1006 1019 986 1012 1062 995 1007 1032 965 980 929 941 
948 1000 1055 1046 1090 1051 1042 1053 1120 1075 1040 1030 1061 991 935 897 
934 985 1030 1042 1088 1132 1102 1051 1100 1020 1049 1124 988 1042 1055 918 
972 1014 1099 1073 1043 1144 1164 1153 1144 1105 1097 1151 1077 1053 1015 984 
983 992 1087 1170 1156 1194 1125 1190 1159 1125 1091 1142 1065 1115 971 932 
940 995 1115 1174 1194 1145 1240 1178 1283 1167 1177 1189 1164 1086 1104 971 
1015 1076 1135 1207 1298 1281 1341 1425 1377 1356 1265 1213 1112 1176 1031 977 
990 1118 1190 1232 1274 1410 1511 1544 1492 1471 1376 1298 1219 1120 1046 986 
1061 1104 1232 1290 1431 1716 1792 1880 1821 1674 1458 1352 1249 1210 1068 944 
1045 1104 1292 1426 1688 2122 2588 2969 2684 2088 1684 1453 1282 1223 1091 997 
1049 1159 1306 1524 1914 2762 8499 22454 7616 2722 1925 1557 1335 1225 1078 954 
1109 1159 1295 1582 2150 3317 51643 89313 47147 3492 2040 1557 1344 1242 1131 963 
965 1168 1334 1580 2043 3039 18161 48228 18931 2935 2021 1496 1353 1155 1070 983 
947 1186 1206 1344 1675 2240 3228 4443 3117 2142 1702 1537 1213 1121 1041 994 
952 1036 1097 1255 1404 1707 1909 2049 1888 1744 1370 1197 1137 1066 1012 927 
