151 170 145 178 175 163 170 145 154 156 147 153 156 165 160 157 
146 132 151 153 163 159 160 150 156 156 159 145 164 161 169 151 
178 146 157 157 143 133 172 148 161 152 145 126 161 150 157 160 
171 162 191 146 144 153 151 158 157 134 146 151 145 163 163 166 
166 165 137 136 140 139 148 140 158 135 127 163 159 159 168 164 
127 161 148 160 176 155 167 167 142 171 128 160 156 162 173 161 
127 150 165 171 159 168 152 156 165 154 183 134 162 156 151 168 
132 151 138 133 150 176 197 190 180 156 151 150 138 160 159 158 
150 151 182 168 161 173 189 176 163 150 138 161 137 169 177 158 
157 131 154 156 168 191 2302 7011 1602 167 151 163 153 176 146 173 
149 149 174 142 170 222 10350 15481 9965 187 171 140 151 166 176 170 
160 159 161 152 178 202 3119 9431 3348 169 170 141 130 150 171 166 
174 164 146 177 160 161 206 213 197 150 148 193 146 149 174 157 
150 169 135 146 160 169 143 166 176 156 157 161 156 173 155 173 
160 142 133 145 141 146 158 181 158 126 154 141 137 136 140 152 
147 156 117 177 164 155 143 157 157 166 160 142 130 173 166 172 
