171 142 143 153 171 174 257 411 226 179 183 148 163 144 139 168 
139 149 156 163 144 179 2459 7517 2503 187 179 127 141 160 160 142 
157 172 147 138 160 187 7563 15265 6723 177 160 155 197 174 179 153 
192 142 153 168 156 167 683 2296 667 180 158 147 168 149 145 159 
175 170 149 180 157 159 173 185 172 169 187 161 144 170 173 171 
161 158 154 129 168 146 161 173 157 164 162 174 145 164 160 167 
151 159 154 151 149 173 155 140 157 160 186 157 169 143 163 143 
157 162 174 155 159 150 162 155 158 177 175 153 147 182 148 184 
173 148 163 172 151 154 146 166 145 112 159 183 125 170 151 145 
138 159 166 171 152 156 149 163 168 190 155 152 149 183 144 145 
174 138 168 164 187 169 143 134 156 159 158 166 166 180 158 165 
161 160 166 167 169 155 151 146 178 173 167 171 143 166 164 142 
154 168 166 155 167 163 141 180 179 153 167 145 153 173 156 162 
163 154 177 153 140 163 167 160 167 152 120 158 158 135 185 165 
166 156 163 182 163 141 159 171 173 165 178 157 184 162 165 168 
182 172 177 172 177 191 168 155 170 158 167 166 182 179 180 177 
