161 168 153 153 124 155 141 145 157 145 161 137 140 144 159 124 
156 139 147 137 141 133 142 160 158 150 147 150 158 160 132 132 
145 151 136 142 143 154 159 273 190 146 143 161 139 143 157 141 
137 118 141 141 155 175 2748 8373 2943 160 149 161 150 133 148 150 
151 141 148 156 168 186 9348 14729 8661 155 176 153 159 145 130 145 
142 161 129 137 150 177 1345 4818 957 174 159 143 141 148 115 165 
139 156 158 165 125 157 166 137 143 164 143 153 134 142 145 144 
149 135 152 148 142 152 154 165 157 148 129 134 128 145 160 150 
145 141 109 152 145 153 156 132 164 144 145 136 160 142 160 148 
169 129 137 131 155 154 139 155 136 130 142 147 148 147 141 147 
133 155 152 125 140 128 140 163 144 142 152 139 170 142 139 151 
141 146 158 140 148 157 149 141 139 140 132 153 154 129 131 147 
160 162 149 145 160 142 164 164 167 148 156 142 160 178 161 172 
148 142 145 151 142 158 153 131 146 154 147 155 152 142 121 159 
157 146 129 149 136 130 159 139 148 145 137 122 158 153 145 147 
149 151 160 163 153 134 177 169 142 150 158 176 163 152 175 154 
