157 185 170 173 149 168 178 152 173 145 174 177 166 204 162 184 
151 170 148 151 163 179 160 192 182 157 156 156 155 182 161 155 
173 156 154 164 156 146 159 154 178 156 179 163 134 151 174 164 
162 151 152 171 161 153 165 155 152 155 159 138 147 132 168 154 
147 159 161 169 155 154 156 174 167 140 167 161 174 167 154 162 
165 150 178 153 133 150 146 155 170 148 146 135 149 161 156 143 
144 163 170 125 157 173 134 138 161 177 165 148 134 158 143 158 
141 148 161 163 163 147 137 157 166 125 147 164 114 180 161 134 
180 149 163 161 151 156 178 151 148 148 152 152 129 165 158 168 
153 176 144 145 151 162 187 186 181 166 158 178 148 141 147 173 
187 141 143 149 160 182 1355 4926 1069 167 147 153 154 147 158 153 
146 151 156 176 167 185 9910 15670 9112 199 179 157 149 159 149 162 
178 172 137 138 181 185 2962 8902 3027 185 148 153 148 168 146 159 
152 120 146 157 162 179 177 282 189 159 142 152 146 162 158 135 
146 152 155 155 155 163 171 171 153 156 139 151 151 155 132 151 
162 175 162 164 179 155 165 174 154 172 153 172 153 154 178 179 
