1076 1100 1122 1120 1287 1315 1283 1346 1238 1263 1245 1181 1185 1115 1141 986 
1222 1176 1223 1254 1369 1460 1420 1554 1440 1468 1461 1353 1337 1276 1181 1075 
1231 1314 1399 1470 1498 1662 1666 1704 1703 1614 1629 1462 1404 1294 1215 1172 
1187 1335 1440 1668 1779 1888 2071 2132 2121 1946 1756 1692 1461 1392 1275 1244 
1239 1440 1580 1789 2010 2530 2818 3031 2913 2448 1983 1717 1598 1405 1257 1203 
1257 1432 1683 1983 2404 3200 4400 5217 4425 3066 2313 1895 1551 1502 1413 1238 
1329 1487 1669 2156 2759 4454 30317 75187 32213 4407 2784 2022 1604 1531 1392 1238 
1298 1564 1674 2191 3003 5194 74763 107407 75105 5138 3011 2153 1675 1576 1355 1224 
1277 1471 1731 2032 2795 4533 32442 75747 29209 4427 2791 2000 1703 1571 1359 1276 
1277 1447 1681 1940 2452 3046 4494 5086 4337 3188 2387 1911 1629 1441 1261 1241 
1331 1413 1489 1687 1982 2377 2764 2940 2775 2374 1989 1775 1589 1440 1372 1170 
1219 1331 1499 1617 1720 1957 2085 2179 2044 1927 1776 1577 1418 1377 1281 1184 
1211 1256 1404 1457 1565 1594 1658 1821 1778 1719 1528 1499 1359 1272 1254 1165 
1151 1228 1280 1409 1443 1445 1499 1495 1441 1393 1447 1355 1250 1292 1174 1139 
1064 1164 1260 1319 1374 1387 1323 1436 1385 1357 1342 1372 1313 1198 1111 1071 
1022 1123 1134 1230 1261 1232 1255 1170 1238 1263 1268 1190 1153 1165 1106 1020 
