1084 1087 1155 1276 1351 1395 1457 1414 1460 1324 1397 1206 1169 1067 1081 986 
1149 1192 1257 1422 1491 1752 1757 1873 1790 1692 1574 1399 1261 1176 1129 1068 
1152 1283 1326 1490 1731 2091 2330 2539 2353 2078 1766 1501 1374 1224 1123 1064 
1150 1246 1443 1755 2073 2673 3857 4652 3726 2853 2170 1756 1512 1292 1215 1084 
1100 1300 1540 1858 2406 3584 23678 61782 24933 3763 2395 1931 1631 1333 1272 1070 
1162 1338 1547 1880 2523 4380 67367 99337 63913 4137 2505 1799 1539 1452 1258 1203 
1176 1271 1555 1823 2321 3526 18386 46689 14275 3431 2263 1740 1610 1418 1278 1140 
1227 1230 1441 1607 2093 2597 3286 3910 3346 2625 1993 1637 1432 1408 1245 1123 
1093 1255 1372 1460 1724 1961 2251 2413 2306 1903 1726 1571 1455 1331 1188 1129 
1085 1257 1307 1450 1598 1668 1828 1895 1753 1700 1572 1448 1308 1317 1111 1051 
1104 1169 1363 1386 1408 1498 1570 1541 1550 1427 1411 1295 1290 1264 1192 1101 
1150 1149 1218 1271 1308 1331 1407 1436 1384 1371 1312 1309 1229 1187 1179 1002 
1089 1133 1188 1181 1247 1216 1224 1267 1273 1343 1275 1245 1197 1176 1138 1069 
1020 1131 1227 1105 1264 1197 1177 1210 1257 1178 1202 1209 1184 1117 1089 1058 
961 1035 1077 1134 1116 1162 1194 1140 1125 1183 1098 1188 1092 1114 1076 990 
999 1010 1083 1033 1027 1015 1046 1035 1082 1078 1080 1070 1081 1085 980 972 
