180 166 184 175 166 172 166 150 188 161 186 210 164 166 179 180 
167 174 185 136 171 138 180 149 155 180 157 184 167 145 160 190 
150 178 162 156 167 173 165 159 161 157 181 151 166 169 181 151 
173 173 171 184 176 159 130 201 181 172 144 165 158 159 185 168 
200 182 181 158 152 151 169 151 148 160 168 137 146 183 165 162 
195 167 148 155 154 163 169 144 159 140 162 148 159 164 166 163 
166 168 169 172 166 153 163 155 143 165 153 157 149 162 169 176 
143 147 159 144 168 147 145 166 167 162 166 190 176 159 164 178 
165 148 155 142 149 159 145 134 175 172 149 166 153 155 152 169 
143 141 170 153 171 165 164 176 158 170 136 145 141 160 159 169 
173 156 158 153 186 166 134 178 181 181 166 155 143 137 150 144 
168 164 160 151 141 161 140 137 159 139 169 167 191 151 138 164 
171 154 163 144 162 173 173 185 179 180 158 163 165 159 155 155 
172 169 149 157 153 146 620 1717 543 173 192 149 144 159 147 186 
156 156 146 144 129 173 5958 13324 5244 168 162 162 147 143 167 146 
156 161 151 162 170 180 2559 7110 2435 219 202 140 137 172 161 129 
