194 175 173 168 160 178 183 192 176 185 191 174 185 170 156 192 
171 147 183 175 192 176 158 157 161 185 172 133 164 149 153 155 
178 176 169 178 146 151 172 168 159 153 161 151 165 166 164 158 
176 173 185 146 151 147 172 161 161 157 169 160 142 131 169 125 
160 166 142 147 144 147 163 155 191 150 160 158 157 154 147 132 
176 149 157 152 179 175 150 173 167 151 162 165 167 158 161 172 
172 176 154 170 159 170 129 142 156 128 168 182 181 115 169 167 
152 149 164 158 145 150 143 153 152 180 186 172 155 144 131 180 
181 172 190 175 158 164 162 147 150 138 151 122 179 160 184 155 
159 168 165 152 154 165 135 161 158 160 148 158 171 141 162 156 
183 133 150 151 159 142 149 174 154 149 162 172 176 164 152 168 
164 185 193 158 158 184 180 189 202 183 163 165 155 140 173 147 
157 166 151 151 131 173 719 2317 691 165 170 151 164 143 172 160 
176 168 156 165 152 195 7633 15084 6721 180 152 174 155 158 145 149 
157 134 148 177 168 176 2515 7489 2536 195 175 147 158 164 172 156 
160 166 160 178 162 208 268 440 247 181 144 175 155 152 153 137 
