1004 1101 1115 1258 1383 1560 1615 1592 1564 1451 1384 1230 1182 1119 1077 989 
1068 1142 1260 1423 1644 1901 2268 2298 2267 1914 1717 1474 1349 1246 1211 1103 
1097 1215 1367 1600 1912 2530 3643 4564 3565 2559 1870 1631 1398 1234 1161 1059 
1074 1220 1423 1695 2105 3331 21263 56405 22144 3363 2161 1699 1395 1259 1188 1123 
1125 1222 1478 1760 2372 3951 60972 96445 56915 3745 2212 1688 1405 1305 1170 1089 
1098 1294 1380 1698 2256 3225 12284 33542 10171 3125 2146 1582 1398 1321 1174 1046 
1106 1326 1414 1610 1807 2328 2982 3387 3044 2309 1871 1578 1334 1224 1188 1073 
1155 1196 1358 1512 1595 1906 2136 2166 2166 1878 1621 1491 1283 1213 1192 1120 
1066 1175 1297 1368 1423 1536 1726 1710 1646 1589 1386 1391 1349 1163 1162 1071 
1092 1184 1221 1330 1422 1416 1392 1542 1441 1432 1323 1335 1188 1175 1098 1106 
982 1173 1212 1231 1346 1279 1346 1389 1314 1337 1342 1207 1267 1137 1107 1090 
1032 1106 1174 1229 1206 1298 1245 1266 1242 1294 1206 1183 1222 1129 1150 1030 
997 1165 1114 1156 1246 1212 1243 1267 1277 1177 1255 1170 1154 1178 1144 987 
1001 1059 1105 1127 1107 1179 1241 1106 1220 1192 1086 1114 1155 1154 1077 1024 
1006 994 1061 1054 1129 1100 1183 1135 1129 1069 1131 1053 1075 1055 1086 995 
929 933 1006 998 1060 986 1038 1058 1054 1018 1040 1092 1084 989 1030 976 
