163 145 130 142 169 138 140 155 127 154 174 134 157 161 168 159 
141 119 147 142 132 144 155 145 143 127 134 138 136 137 123 143 
151 127 156 124 145 130 144 118 151 148 122 115 145 125 130 160 
145 119 134 113 123 137 141 137 165 132 150 129 142 141 130 121 
145 149 149 137 149 144 157 131 136 138 137 129 143 125 125 156 
141 134 129 177 144 143 134 147 145 155 133 139 127 145 116 144 
140 149 138 151 139 121 146 140 144 158 132 131 138 116 139 134 
143 144 146 139 124 149 133 139 152 140 143 135 144 142 138 150 
148 176 126 144 131 142 156 146 139 109 141 124 133 130 120 138 
168 131 122 130 157 146 162 142 132 136 137 128 120 128 132 150 
146 137 143 137 149 144 148 150 155 131 148 123 127 154 137 159 
149 114 116 139 158 145 857 3045 713 141 144 148 133 134 114 142 
135 119 141 154 153 157 7831 13797 6974 176 141 130 137 121 122 140 
139 143 126 134 130 144 2336 7195 2476 152 164 126 159 121 156 122 
135 145 134 156 145 145 195 330 184 143 136 150 149 124 140 147 
162 140 138 131 155 160 151 175 149 157 142 152 133 139 165 141 
