1149 1233 1261 1441 1761 2254 3544 5229 3497 2326 1805 1521 1270 1190 1119 1102 
1111 1302 1462 1643 2143 3192 19451 50526 19548 2976 2065 1634 1413 1275 1205 1085 
1186 1296 1491 1710 2182 3535 49964 96995 44755 3443 2135 1681 1514 1329 1203 1136 
1189 1251 1471 1688 2034 2973 7719 18215 7213 2859 2117 1620 1441 1290 1223 1120 
1153 1291 1443 1605 1908 2246 2720 3014 2748 2246 1897 1587 1416 1368 1268 1171 
1155 1312 1384 1435 1633 1797 1989 2078 2101 1812 1590 1534 1315 1310 1221 1187 
1205 1228 1393 1393 1467 1573 1591 1574 1619 1607 1564 1428 1366 1339 1267 1050 
1146 1248 1319 1327 1469 1467 1566 1536 1454 1475 1455 1335 1297 1334 1218 1114 
1156 1218 1321 1374 1324 1364 1372 1397 1398 1429 1334 1413 1293 1224 1240 1076 
1069 1155 1287 1278 1359 1333 1304 1312 1363 1319 1303 1253 1257 1233 1236 1087 
1127 1184 1208 1212 1274 1281 1265 1284 1312 1293 1260 1256 1227 1315 1234 1128 
1072 1228 1193 1251 1294 1270 1261 1319 1334 1297 1199 1270 1147 1239 1179 1088 
1066 1121 1229 1223 1220 1283 1184 1296 1291 1259 1253 1164 1202 1156 1210 1163 
1100 1088 1222 1239 1212 1253 1277 1190 1247 1193 1184 1155 1190 1162 1232 1130 
1115 1088 1157 1186 1258 1192 1186 1175 1214 1153 1203 1147 1256 1133 1140 1079 
1060 1054 1073 1171 1077 1106 1141 1117 1209 1100 1126 1099 1088 1178 1120 1078 
