1034 1066 1112 1109 1086 1085 1108 1156 1146 1149 1182 1103 1133 1041 1100 977 
1068 1104 1179 1224 1255 1177 1231 1229 1237 1184 1218 1110 1206 1175 1151 1136 
1141 1127 1142 1214 1149 1197 1287 1249 1252 1226 1198 1213 1222 1203 1164 1160 
1118 1185 1175 1199 1245 1281 1312 1268 1213 1197 1225 1195 1206 1201 1132 1101 
1091 1175 1204 1199 1240 1246 1296 1271 1326 1233 1211 1217 1304 1256 1184 1125 
1130 1229 1251 1236 1343 1277 1292 1240 1301 1266 1290 1265 1280 1189 1146 1103 
1122 1295 1276 1310 1345 1342 1308 1328 1356 1308 1377 1378 1310 1238 1155 1198 
1108 1298 1277 1320 1361 1391 1401 1389 1408 1415 1407 1364 1298 1221 1226 1157 
1150 1234 1345 1305 1443 1516 1566 1490 1487 1450 1355 1338 1378 1247 1253 1181 
1132 1312 1370 1398 1461 1682 1629 1722 1710 1614 1535 1441 1329 1275 1284 1196 
1200 1240 1369 1463 1648 1853 1964 2058 1945 1694 1697 1512 1413 1290 1306 1096 
1255 1365 1431 1613 1940 2242 2715 3120 2772 2210 1904 1595 1414 1327 1280 1128 
1140 1336 1440 1711 2021 2833 7865 18104 7359 2862 2078 1654 1471 1346 1259 1110 
1195 1256 1498 1786 2122 3565 50156 97005 44892 3405 2095 1713 1463 1320 1212 1133 
1156 1333 1498 1766 2082 3190 19357 50700 19192 3210 2018 1687 1347 1295 1239 1185 
1064 1199 1356 1474 1869 2264 3578 5166 3351 2405 1746 1506 1307 1238 1124 1004 
