176 186 209 185 179 169 185 189 197 193 147 166 148 166 175 176 
157 162 150 163 170 167 158 152 155 157 169 163 173 171 178 167 
155 158 139 148 164 125 155 166 146 153 188 150 159 166 140 154 
183 155 157 126 181 152 151 166 153 190 161 146 155 177 154 153 
151 177 144 155 142 169 157 140 156 187 162 156 159 145 159 177 
177 177 147 158 149 148 146 160 169 159 147 166 173 149 164 177 
174 157 153 158 144 146 170 172 169 163 145 122 154 157 138 166 
156 141 152 148 142 139 147 137 160 128 184 163 127 153 152 160 
163 173 163 147 153 156 151 173 164 139 155 164 160 137 172 170 
163 159 155 184 148 148 143 173 151 168 177 141 167 161 176 167 
151 152 164 157 165 172 162 133 174 180 129 149 144 135 171 154 
145 155 147 140 143 154 151 153 164 157 129 134 137 164 177 141 
118 146 140 163 144 158 150 137 161 159 134 158 161 136 178 169 
153 163 141 159 155 135 168 200 156 120 139 158 166 154 152 140 
172 149 153 146 146 154 557 1378 520 167 167 164 161 138 139 131 
142 139 135 151 168 172 4453 11433 3880 141 133 156 158 168 166 166 
