1051 1233 1326 1462 1836 2731 18092 45621 17918 2684 1779 1458 1313 1214 1206 1067 
1178 1251 1439 1542 1989 3156 39773 85811 35895 3046 1982 1570 1360 1287 1236 1063 
1164 1258 1422 1514 1869 2648 6535 13992 6344 2537 1913 1565 1343 1312 1200 1071 
1095 1195 1433 1512 1626 2073 2534 2831 2392 2056 1631 1539 1435 1236 1159 1117 
1083 1258 1303 1497 1486 1731 1785 1985 1787 1681 1524 1436 1384 1225 1234 1042 
1116 1221 1304 1429 1435 1561 1475 1594 1613 1501 1546 1453 1305 1266 1177 1077 
1096 1257 1244 1240 1383 1328 1370 1552 1466 1331 1352 1293 1288 1217 1191 1143 
1123 1186 1326 1262 1299 1309 1375 1386 1398 1361 1323 1314 1248 1263 1195 1140 
1157 1237 1312 1232 1291 1223 1295 1324 1318 1328 1271 1224 1220 1214 1133 1119 
1096 1239 1135 1218 1171 1311 1336 1266 1304 1279 1237 1247 1230 1205 1151 1085 
1072 1184 1189 1233 1304 1248 1254 1256 1209 1200 1287 1121 1208 1211 1226 1029 
1059 1189 1191 1227 1224 1299 1296 1291 1260 1235 1222 1270 1177 1227 1128 1094 
1016 1132 1157 1170 1234 1238 1266 1187 1245 1270 1196 1185 1239 1199 1121 1093 
1009 1118 1196 1197 1248 1263 1295 1206 1088 1191 1211 1207 1179 1087 1080 1090 
1075 1072 1101 1169 1155 1127 1181 1119 1182 1111 1188 1136 1142 1136 1055 1035 
991 1022 1137 1065 1135 1051 1139 1175 1097 1103 1065 1090 1095 1093 1051 1048 
