981 1007 1043 1021 1076 1111 1137 1151 1211 1202 1107 1162 1138 1067 1070 1016 
1026 1092 1150 1110 1195 1336 1181 1206 1178 1231 1217 1195 1055 1177 1104 1057 
1071 1102 1200 1243 1274 1264 1290 1289 1266 1372 1217 1296 1146 1212 1124 1079 
1054 1194 1289 1330 1357 1349 1484 1422 1394 1412 1332 1261 1243 1194 1183 1077 
1112 1229 1274 1306 1365 1566 1770 1640 1631 1502 1488 1413 1400 1276 1285 1076 
1124 1291 1479 1435 1637 1772 1951 1989 1886 1767 1648 1509 1379 1331 1203 1132 
1217 1326 1382 1618 1947 2211 2585 2635 2495 2109 1795 1644 1441 1426 1237 1171 
1177 1421 1517 1686 2156 2788 3950 4296 3722 2765 2123 1726 1509 1356 1322 1111 
1181 1416 1648 1864 2510 3961 26499 59591 20444 3853 2497 1864 1593 1454 1273 1220 
1227 1355 1581 2060 2720 4647 70478 101457 69189 4653 2709 2029 1602 1451 1256 1207 
1266 1440 1591 1920 2588 4037 26520 66959 27913 4056 2499 1949 1617 1442 1288 1176 
1174 1374 1546 1784 2190 2963 4114 4805 3987 2930 2139 1793 1528 1392 1301 1200 
1156 1265 1499 1611 1835 2220 2613 2823 2603 2157 1854 1674 1463 1288 1247 1162 
1101 1216 1316 1468 1546 1746 1826 1967 1921 1743 1666 1415 1363 1281 1212 1152 
1108 1181 1249 1300 1437 1487 1548 1581 1575 1525 1519 1359 1257 1196 1140 1072 
998 1123 1145 1198 1247 1266 1261 1271 1274 1348 1236 1184 1175 1129 1099 958 
