139 148 167 150 157 138 164 163 161 151 147 172 125 156 136 165 
158 136 161 153 145 185 243 324 194 167 182 169 142 167 142 147 
171 147 147 149 164 174 2774 8322 2935 196 175 153 167 172 176 163 
164 160 165 127 154 233 8775 15531 7751 205 139 152 168 150 145 160 
167 157 161 163 172 184 908 3193 759 172 148 138 152 147 137 144 
140 178 154 157 189 150 135 161 157 160 160 156 155 156 161 162 
174 141 135 160 157 169 137 166 172 152 144 167 154 161 169 168 
168 174 151 121 138 138 161 164 158 152 147 146 159 144 161 154 
180 175 162 153 163 156 160 167 170 174 160 154 155 176 183 173 
165 174 173 160 167 142 156 161 168 159 141 149 153 161 162 171 
169 170 160 144 157 187 154 165 175 128 149 142 143 156 149 156 
146 141 136 161 146 173 145 171 159 127 138 154 147 160 179 156 
147 144 145 140 159 158 152 153 178 170 147 165 156 147 160 145 
156 179 167 150 157 164 166 136 160 149 142 152 168 161 166 145 
149 155 162 151 163 152 175 165 157 162 148 172 166 194 145 174 
162 136 190 186 172 164 178 174 175 168 169 163 183 175 150 182 
