1064 1043 1148 1122 1059 1090 1056 1010 1102 1067 1159 1121 1070 1104 1086 1038 
1037 1089 1187 1156 1268 1173 1208 1173 1209 1160 1074 1156 1132 1146 1134 1025 
1124 1166 1122 1240 1181 1253 1218 1234 1240 1209 1217 1179 1191 1171 1195 1066 
1072 1147 1135 1260 1265 1281 1313 1250 1270 1250 1266 1170 1187 1099 1164 1118 
1120 1149 1212 1316 1313 1418 1301 1364 1312 1368 1312 1291 1334 1241 1201 1079 
1129 1263 1327 1301 1381 1394 1377 1357 1413 1397 1366 1303 1291 1237 1187 1058 
1092 1253 1326 1374 1516 1519 1571 1524 1536 1508 1487 1333 1379 1294 1235 1096 
1098 1268 1428 1504 1681 1642 1762 1789 1740 1628 1601 1488 1304 1358 1207 1065 
1190 1212 1452 1630 1711 2034 2216 2254 2192 1968 1757 1497 1381 1334 1270 1192 
1152 1376 1461 1615 2045 2403 3320 3536 3206 2571 1981 1766 1502 1377 1275 1121 
1203 1326 1489 1827 2360 3371 12792 34946 10523 3301 2271 1747 1558 1438 1349 1166 
1164 1336 1476 1882 2493 4187 65032 102090 59623 4043 2504 1817 1593 1370 1248 1141 
1243 1372 1498 1743 2349 3596 22464 59331 23508 3527 2263 1726 1508 1394 1271 1179 
1148 1252 1379 1618 2036 2698 3771 4739 3541 2636 2000 1685 1386 1304 1189 1118 
1112 1183 1362 1576 1743 2018 2255 2537 2318 1982 1637 1573 1396 1279 1174 1126 
1059 1155 1230 1296 1543 1556 1627 1791 1613 1640 1458 1261 1202 1191 1086 1061 
