176 152 161 150 172 162 164 167 163 167 149 175 159 143 147 168 
142 155 139 145 157 166 142 168 146 150 158 172 153 172 164 158 
181 176 139 156 168 173 175 168 142 160 161 157 170 150 168 146 
178 164 150 147 145 173 146 167 162 172 169 162 147 141 165 160 
182 168 170 176 154 147 156 176 153 179 147 156 142 158 167 168 
153 166 154 161 141 163 175 155 157 159 186 152 173 141 120 156 
159 157 135 182 177 208 194 208 197 169 158 186 155 164 149 145 
159 142 162 142 176 198 4230 11178 3757 177 167 164 159 167 167 169 
169 158 158 153 145 198 10981 15975 11323 199 164 143 150 172 164 179 
175 171 158 163 184 188 3780 10926 4264 172 167 154 163 162 169 179 
169 177 143 163 156 189 188 188 194 172 161 135 160 148 169 162 
163 169 152 141 156 141 144 179 173 154 159 181 155 156 155 133 
161 138 160 162 165 163 151 160 158 132 169 175 143 161 132 167 
155 166 154 139 130 171 156 185 161 162 153 156 166 170 166 161 
164 186 180 145 169 173 160 158 149 142 149 172 145 152 167 175 
151 174 170 183 182 168 151 159 174 153 137 176 174 164 172 156 
