1146 1133 1334 1396 1614 1942 2243 2291 2206 1901 1551 1388 1254 1148 1070 1076 
1186 1259 1406 1651 1912 2567 3717 5042 3591 2495 1924 1576 1376 1387 1205 1120 
1146 1339 1506 1754 2240 3353 21402 56107 22097 3419 2220 1682 1426 1321 1254 1066 
1183 1288 1491 1734 2350 3817 58405 100974 52352 3671 2246 1714 1453 1361 1229 1166 
1175 1300 1520 1697 2213 3075 9337 23974 8170 3080 2136 1720 1530 1387 1271 1192 
1170 1343 1431 1582 1920 2419 2852 3397 2988 2385 1914 1657 1410 1324 1269 1108 
1156 1238 1351 1540 1633 1897 2104 2206 2017 1923 1679 1535 1422 1373 1309 1151 
1134 1308 1389 1399 1507 1604 1741 1708 1662 1688 1517 1373 1428 1311 1203 1082 
1143 1228 1260 1378 1464 1488 1522 1482 1515 1458 1421 1369 1365 1385 1217 1146 
1123 1284 1274 1281 1353 1364 1401 1430 1409 1416 1366 1320 1281 1252 1214 1156 
1038 1199 1218 1229 1311 1357 1302 1345 1312 1298 1250 1212 1295 1241 1225 1102 
1113 1156 1193 1277 1184 1305 1318 1295 1284 1215 1284 1267 1208 1254 1211 1054 
1106 1186 1236 1191 1190 1252 1209 1272 1262 1246 1152 1208 1173 1151 1183 1102 
1076 1179 1182 1203 1224 1193 1244 1214 1221 1156 1179 1201 1156 1200 1150 1107 
1052 1076 1127 1137 1189 1166 1159 1173 1155 1124 1161 1187 1132 1134 1074 1124 
1026 1094 1101 1165 1115 1102 1068 1130 1107 1094 1101 1100 1075 1129 1023 979 
