976 1016 1057 1114 1140 1124 1091 1092 1154 1088 1136 1064 1104 1086 1059 965 
1025 1060 1114 1115 1184 1185 1142 1241 1243 1176 1175 1212 1139 1200 1094 1082 
1130 1093 1161 1211 1163 1180 1281 1262 1265 1244 1266 1197 1279 1188 1162 1082 
1108 1137 1269 1183 1268 1328 1344 1308 1275 1273 1327 1230 1230 1212 1113 1106 
1132 1273 1261 1313 1305 1369 1417 1440 1435 1390 1267 1310 1275 1257 1206 1103 
1128 1311 1360 1385 1456 1573 1613 1579 1522 1619 1422 1393 1333 1191 1206 1170 
1104 1275 1402 1492 1583 1658 1857 1812 1784 1771 1662 1424 1381 1315 1255 1119 
1146 1279 1433 1552 1809 2126 2383 2482 2456 2013 1725 1560 1498 1337 1305 1122 
1162 1317 1505 1775 2157 2680 3499 3965 3495 2616 2044 1723 1464 1397 1219 1196 
1165 1380 1558 1908 2507 3726 18842 47838 15115 3570 2408 1778 1633 1409 1327 1236 
1241 1421 1685 1921 2745 4563 69186 102089 66170 4486 2583 1857 1523 1410 1335 1166 
1180 1438 1487 1832 2513 3902 24481 63658 25876 3780 2476 1847 1543 1437 1265 1147 
1216 1275 1473 1783 2070 2812 3861 4786 3819 2847 2159 1779 1470 1293 1230 1164 
1178 1262 1409 1464 1737 2047 2436 2579 2382 2159 1871 1632 1412 1303 1212 1156 
1108 1204 1258 1407 1437 1671 1841 1883 1889 1645 1515 1388 1319 1205 1201 1077 
1020 1120 1126 1302 1279 1388 1488 1514 1394 1452 1282 1199 1228 1122 1062 1086 
