155 142 137 141 149 153 148 144 131 158 134 178 139 135 154 151 
180 154 150 134 147 137 152 152 141 144 152 137 145 154 172 155 
143 135 148 141 146 166 128 143 138 140 136 146 158 141 124 166 
151 139 145 137 169 146 133 153 161 146 146 147 150 139 163 129 
144 151 149 140 181 170 165 202 150 152 158 136 128 143 152 161 
128 143 145 149 163 152 3257 9364 3503 156 165 177 159 137 153 154 
149 153 146 137 171 157 10028 14513 10083 174 162 143 154 155 139 155 
136 156 148 152 167 146 3247 8414 2379 171 140 162 140 118 174 150 
137 136 146 143 152 135 135 159 168 165 161 132 168 131 142 145 
163 159 118 159 160 138 158 178 138 161 162 121 153 148 132 160 
125 142 157 152 143 155 141 153 153 156 150 142 136 129 152 143 
164 126 134 147 166 144 129 155 139 150 137 162 152 124 144 180 
135 155 143 171 162 137 134 159 134 149 154 122 136 131 152 142 
157 148 147 143 138 149 148 130 133 147 122 137 144 144 135 173 
140 116 160 144 150 150 171 149 141 144 148 162 142 118 151 164 
153 133 150 150 145 157 154 145 169 190 157 168 171 119 159 165 
