142 152 192 146 171 144 2377 6840 2464 166 158 131 178 145 176 184 
163 183 152 142 180 186 5926 13500 5323 170 164 181 147 138 188 176 
175 156 189 163 166 175 585 1748 604 151 155 158 146 142 136 147 
155 144 157 161 150 148 177 219 176 189 133 165 155 142 138 168 
152 153 148 166 155 165 175 171 170 137 142 155 133 140 166 108 
157 162 147 165 160 142 120 143 161 145 146 146 138 151 144 152 
151 164 140 165 170 144 136 154 181 145 155 145 148 153 157 157 
168 159 149 158 165 148 167 154 162 163 138 142 179 156 173 150 
146 145 171 166 145 149 170 173 139 131 149 138 152 187 139 171 
177 170 125 161 125 156 143 156 156 162 142 135 142 149 156 153 
156 152 147 165 128 138 147 128 152 144 161 142 131 156 167 160 
145 157 153 164 160 151 164 162 142 176 193 145 160 198 146 169 
146 147 165 154 157 137 161 166 143 180 153 154 153 144 147 157 
175 176 184 143 187 158 180 157 154 163 164 146 149 176 156 192 
176 167 149 163 165 170 162 151 175 151 177 179 173 172 154 184 
181 196 185 154 171 163 172 192 157 181 177 160 163 186 178 188 
