169 132 160 175 173 161 4499 10947 3847 148 157 165 137 144 162 166 
184 142 142 140 142 167 528 1376 515 163 165 153 132 124 150 150 
180 163 170 135 158 187 140 206 185 153 153 154 138 149 141 149 
166 167 146 152 157 127 156 135 138 148 157 156 167 140 152 177 
168 165 135 148 147 168 158 169 148 149 144 160 145 181 166 151 
138 182 166 158 154 142 145 173 136 134 168 153 158 133 153 170 
159 145 171 148 146 141 166 123 175 142 159 128 168 165 158 149 
157 157 148 148 161 150 168 140 159 152 155 142 136 145 150 172 
162 160 146 164 154 163 158 140 145 145 145 160 141 162 159 149 
157 189 135 134 185 166 154 168 152 138 150 135 156 147 140 154 
169 147 155 135 145 143 165 170 153 146 147 165 180 178 156 136 
166 169 171 164 156 139 150 156 145 169 145 158 147 179 140 163 
172 151 147 146 143 143 156 152 137 170 176 167 164 140 151 152 
173 142 161 148 164 133 135 164 173 138 165 151 167 147 164 178 
158 168 169 177 167 150 160 150 153 174 154 147 161 164 156 176 
206 153 172 162 187 169 166 200 157 158 151 159 187 183 160 188 
