171 140 154 151 167 155 153 141 158 144 160 141 146 148 154 152 
157 133 131 123 149 148 144 168 144 162 162 137 133 129 128 155 
144 162 139 131 146 154 144 174 136 167 163 169 126 136 157 148 
144 130 160 149 157 166 198 208 197 167 166 141 158 134 135 149 
159 155 156 185 164 175 3108 9151 3316 172 153 158 167 125 140 146 
169 142 139 148 153 195 10077 15195 9700 157 180 129 145 164 145 179 
137 150 156 152 146 173 2204 6766 1557 166 144 158 156 144 166 158 
153 120 126 141 151 161 175 197 135 178 153 155 116 156 157 150 
157 147 142 144 149 155 172 164 130 125 138 126 159 166 163 156 
163 143 140 169 172 174 160 178 162 149 158 140 146 131 145 135 
160 152 168 150 152 132 156 140 150 141 138 122 149 168 152 159 
155 129 142 146 144 146 153 168 155 130 140 142 157 141 145 151 
160 152 149 142 144 131 126 134 128 152 156 141 149 161 155 155 
145 169 151 135 146 150 161 137 154 142 145 143 150 148 162 164 
154 152 139 158 151 154 165 160 164 165 147 145 165 154 146 157 
151 160 166 146 140 165 156 175 160 151 149 159 149 192 159 169 
