181 169 167 138 162 179 156 161 141 164 141 141 153 176 148 142 
170 158 162 145 179 166 138 165 156 155 180 173 158 167 173 162 
182 158 158 141 148 150 158 150 142 153 170 163 159 152 166 153 
153 159 157 169 151 151 179 160 172 153 169 194 150 154 150 151 
193 163 149 176 182 166 156 163 187 139 153 151 156 148 153 158 
165 173 202 166 165 184 169 173 165 134 172 172 155 149 166 165 
152 159 188 159 155 186 3961 11105 4370 200 172 137 160 155 149 172 
179 163 157 167 157 211 11214 16349 11129 218 170 176 165 153 149 162 
138 152 146 158 170 163 4351 11286 3811 180 183 173 145 161 154 161 
148 151 160 155 157 168 181 195 207 189 158 165 167 140 159 176 
186 168 149 144 145 185 173 180 179 151 152 157 184 167 147 159 
139 150 191 140 142 166 169 137 169 166 169 150 135 148 158 152 
174 129 155 189 165 160 167 171 185 182 146 159 158 144 167 166 
150 157 156 160 166 156 156 148 151 169 174 163 158 166 157 148 
150 143 145 156 169 158 155 174 173 145 135 156 174 149 158 162 
170 168 130 183 183 166 192 172 181 186 190 145 196 149 176 183 
