1004 1059 1124 1038 1111 1122 1078 1095 1155 1090 1081 1116 1072 1082 1038 970 
1072 1153 1211 1086 1152 1144 1168 1161 1196 1178 1186 1131 1185 1118 1061 1062 
1048 1130 1127 1160 1184 1226 1199 1154 1233 1214 1229 1181 1184 1136 1098 1070 
1134 1150 1143 1199 1217 1198 1205 1285 1213 1241 1183 1258 1175 1180 1183 1056 
1081 1137 1197 1231 1237 1172 1290 1199 1229 1251 1238 1248 1229 1179 1196 1081 
1206 1244 1213 1263 1284 1231 1344 1286 1271 1244 1248 1211 1199 1173 1151 1093 
1101 1176 1203 1246 1272 1286 1343 1296 1276 1298 1283 1248 1207 1208 1195 1133 
1128 1191 1218 1226 1323 1321 1264 1337 1448 1301 1295 1250 1326 1213 1180 1190 
1126 1245 1271 1279 1317 1373 1376 1271 1348 1352 1268 1293 1221 1178 1198 1150 
1080 1226 1293 1281 1327 1441 1477 1406 1464 1448 1432 1276 1221 1243 1137 1146 
1098 1153 1285 1406 1449 1509 1539 1545 1589 1513 1377 1317 1303 1250 1158 1140 
1114 1261 1383 1445 1497 1770 1888 1866 1881 1677 1467 1474 1400 1262 1216 1165 
1101 1235 1374 1525 1736 2048 2457 2805 2395 2012 1644 1537 1330 1319 1209 1133 
1143 1226 1388 1644 2016 2669 6339 13680 6276 2573 1877 1586 1389 1298 1188 1123 
1126 1232 1331 1619 1872 3014 39618 85188 35566 3040 1966 1594 1340 1239 1157 1068 
1091 1094 1199 1480 1824 2725 18370 46427 17902 2740 1912 1437 1280 1171 1070 1037 
