937 994 1107 1098 1179 1175 1235 1271 1211 1246 1133 1193 1013 1084 984 978 
1088 1077 1167 1232 1335 1447 1482 1513 1491 1316 1367 1373 1127 1168 1088 1037 
1055 1140 1311 1457 1507 1740 1760 1851 1844 1648 1563 1461 1300 1211 1119 1024 
1074 1224 1371 1525 1730 2087 2365 2556 2459 2127 1752 1505 1414 1278 1230 976 
1158 1304 1400 1746 2119 2802 3773 4537 3751 2719 2034 1628 1406 1277 1229 1136 
1147 1313 1584 1865 2499 3799 24928 63866 26457 3755 2434 1880 1553 1243 1324 1145 
1152 1374 1523 1884 2682 4534 66965 96396 66331 4516 2548 1819 1468 1361 1273 1104 
1141 1287 1553 1748 2414 3754 25151 57137 19897 3701 2308 1732 1497 1420 1282 1114 
1088 1286 1390 1573 2055 2734 3652 4238 3746 2635 2148 1619 1486 1376 1212 1069 
1123 1342 1314 1540 1791 2043 2443 2458 2398 2005 1768 1566 1441 1354 1195 1076 
1102 1167 1309 1447 1538 1737 1815 1796 1773 1673 1510 1461 1301 1235 1157 1067 
1072 1119 1292 1304 1447 1466 1531 1475 1574 1467 1422 1391 1320 1122 1068 1071 
1062 1147 1255 1277 1257 1293 1392 1350 1335 1293 1399 1264 1220 1146 1136 1037 
1046 1046 1125 1131 1213 1224 1241 1298 1182 1235 1210 1223 1135 1136 1050 1022 
1032 999 1050 1132 1202 1142 1198 1196 1144 1134 1145 1189 1122 1057 1002 991 
961 951 995 1017 1024 1142 1125 1001 1106 1144 1063 1026 1040 995 960 1027 
