1014 1051 1197 1307 1582 2163 29084 69484 25414 2078 1579 1297 1132 1090 1070 1051 
1121 1164 1254 1351 1539 1956 4992 10524 4900 1971 1599 1362 1237 1186 1154 988 
1196 1257 1327 1325 1465 1700 1957 2348 1933 1627 1531 1288 1246 1222 1118 1096 
1095 1226 1211 1292 1382 1475 1549 1625 1633 1470 1398 1224 1241 1206 1156 1099 
1131 1221 1191 1281 1305 1381 1355 1396 1451 1473 1361 1293 1178 1284 1146 1053 
1066 1206 1253 1284 1241 1295 1343 1389 1336 1302 1343 1256 1220 1169 1193 1064 
1112 1151 1266 1269 1231 1253 1327 1251 1309 1275 1233 1255 1254 1211 1155 1054 
1088 1181 1221 1237 1264 1288 1248 1296 1213 1316 1249 1169 1223 1216 1202 1163 
1067 1236 1207 1241 1218 1222 1279 1216 1220 1227 1202 1269 1199 1179 1157 1051 
1067 1222 1176 1172 1263 1193 1174 1231 1266 1261 1256 1222 1175 1157 1128 1085 
1109 1155 1185 1217 1176 1249 1246 1261 1236 1186 1231 1225 1222 1273 1160 1069 
1051 1175 1187 1219 1191 1200 1229 1184 1155 1211 1132 1204 1180 1176 1101 1137 
1045 1094 1141 1122 1150 1142 1243 1272 1191 1268 1260 1201 1163 1144 1154 1079 
1103 1132 1103 1124 1204 1094 1190 1255 1227 1151 1192 1173 1202 1158 1102 1033 
1037 1145 1149 1069 1073 1151 1191 1129 1151 1170 1068 1064 1144 1087 1162 1030 
1013 1040 1043 1092 1130 1122 1134 1159 1106 1093 1099 1080 1089 1095 1036 1034 
