995 1058 1157 1097 1006 1105 1102 1130 1099 1107 1060 1041 1035 1091 1043 1020 
1004 1075 1079 1156 1143 1172 1130 1123 1080 1098 1130 1092 1145 1102 1130 1060 
1024 1083 1073 1138 1246 1143 1137 1144 1209 1191 1158 1181 1187 1164 1067 1023 
1026 1060 1094 1152 1218 1210 1233 1215 1157 1248 1164 1136 1184 1245 1168 1026 
1058 1143 1192 1133 1141 1236 1167 1209 1234 1245 1322 1257 1173 1202 1190 1082 
1096 1148 1126 1171 1195 1186 1278 1259 1192 1260 1228 1241 1223 1128 1107 1113 
1066 1221 1199 1244 1171 1234 1193 1262 1224 1199 1184 1239 1165 1183 1084 1067 
1018 1147 1211 1230 1218 1248 1180 1235 1233 1191 1286 1232 1178 1184 1170 1064 
1008 1109 1195 1195 1207 1264 1269 1253 1287 1250 1290 1253 1200 1176 1163 1112 
1046 1115 1196 1228 1207 1295 1323 1307 1213 1254 1273 1195 1211 1202 1178 1097 
1066 1158 1213 1287 1260 1329 1320 1323 1322 1309 1181 1317 1241 1107 1174 1126 
1086 1202 1194 1296 1315 1347 1447 1444 1428 1357 1325 1176 1282 1278 1112 1029 
1038 1186 1244 1353 1417 1466 1616 1600 1598 1465 1361 1232 1321 1206 1205 1096 
1122 1192 1206 1346 1480 1672 2040 2306 1966 1676 1402 1352 1313 1205 1118 1061 
1127 1173 1203 1256 1550 1978 5318 10862 4987 1988 1565 1333 1349 1229 1152 1044 
984 1103 1096 1194 1594 2230 28852 70594 25660 2139 1471 1289 1197 1155 1057 1012 
