171 159 150 137 176 168 162 191 170 184 139 169 171 153 179 161 
161 167 149 151 159 164 154 157 164 153 163 156 148 153 150 173 
162 136 158 144 184 127 162 145 158 132 132 164 172 172 150 160 
125 150 172 145 145 132 178 160 139 171 164 145 143 144 161 147 
143 149 155 138 157 153 171 141 156 143 142 149 172 166 132 113 
170 147 154 128 150 168 178 160 175 183 156 132 126 137 162 151 
180 163 151 155 161 168 170 163 156 146 161 154 154 164 141 160 
170 157 140 175 161 163 180 206 174 149 158 153 151 127 165 142 
172 146 150 159 172 174 3550 8940 2538 181 174 155 143 147 139 167 
151 148 149 141 178 202 10628 15402 10457 201 144 164 140 172 143 168 
159 142 160 143 179 152 3515 9911 3869 178 169 171 166 143 149 152 
147 160 143 151 166 145 178 204 166 178 144 150 178 161 147 179 
157 143 169 176 138 153 191 155 174 135 148 161 162 126 167 144 
183 146 137 144 141 147 146 148 157 147 142 145 133 126 147 153 
163 143 176 146 173 137 124 147 123 166 159 161 137 147 156 143 
163 180 159 164 171 162 140 150 142 169 172 158 140 181 154 158 
