169 165 135 127 162 153 176 3790 11049 4355 155 142 167 162 149 170 
154 133 141 151 142 146 161 517 1374 556 152 163 176 148 139 149 
154 162 148 157 150 150 148 163 182 165 163 133 146 153 142 143 
159 155 145 137 166 141 135 145 158 162 150 150 129 178 165 137 
183 161 165 162 145 127 155 171 154 151 150 162 160 151 170 170 
145 173 170 149 155 126 153 148 144 156 168 138 130 144 162 175 
168 171 152 153 166 148 136 145 171 158 163 136 159 173 159 130 
163 126 157 152 176 164 156 159 132 155 132 149 145 148 150 160 
157 146 165 164 139 147 164 150 143 146 143 161 153 148 150 152 
153 159 140 128 174 152 135 149 156 141 155 145 168 153 181 151 
158 154 141 143 162 150 151 146 169 156 145 155 151 167 168 156 
160 135 156 154 170 142 142 163 169 151 166 162 143 172 167 170 
167 171 144 174 179 173 167 150 157 165 167 162 168 143 170 172 
162 178 167 137 156 171 163 155 166 167 147 170 125 171 159 181 
164 179 157 150 169 154 163 137 169 144 179 173 143 160 173 165 
174 165 165 171 168 170 194 192 155 162 178 187 176 189 194 183 
