158 176 182 191 174 166 186 199 161 182 177 147 179 194 178 187 
169 185 179 151 173 162 164 153 146 169 170 173 181 160 179 161 
167 171 166 183 193 161 173 158 153 143 148 169 180 152 152 160 
171 183 158 179 157 169 155 171 143 155 154 148 178 160 147 167 
174 164 153 146 179 173 146 183 156 138 177 153 164 173 152 162 
178 163 177 187 153 169 150 162 140 155 167 137 148 134 170 168 
156 180 152 173 162 173 145 144 147 169 136 151 154 165 167 156 
164 154 141 149 164 175 171 152 164 156 151 149 138 160 157 152 
158 161 159 137 161 170 146 141 167 154 156 121 163 150 157 178 
190 161 149 173 153 157 146 134 141 156 147 167 151 140 162 161 
190 147 138 167 169 147 160 157 178 176 163 171 153 168 167 150 
163 142 141 162 166 150 174 163 214 186 186 151 142 153 133 172 
168 145 151 157 189 193 178 658 2272 721 211 166 162 158 155 176 
207 168 148 140 154 152 169 6774 15033 7555 193 162 167 155 151 148 
185 139 197 150 147 156 192 2622 7612 2646 204 168 149 147 134 153 
166 161 167 149 162 183 170 222 446 271 200 164 150 138 155 173 
