154 121 151 148 136 148 168 146 172 155 158 142 173 155 136 163 
107 153 134 127 131 147 137 124 159 139 155 155 149 146 140 134 
122 145 132 167 139 133 123 157 121 161 159 132 135 164 166 133 
158 125 139 150 121 144 133 145 141 141 131 156 153 136 146 151 
163 146 158 113 154 150 135 119 146 150 161 134 158 139 130 129 
182 151 140 150 139 129 145 141 127 159 150 132 126 140 135 152 
122 144 161 142 131 132 116 137 139 149 140 132 151 134 130 128 
146 140 131 143 140 113 133 137 137 136 106 139 122 123 133 139 
155 156 139 110 142 140 144 111 128 156 132 136 135 165 139 118 
142 146 133 139 123 159 139 143 131 153 132 134 111 163 132 163 
146 147 151 136 151 147 150 154 166 156 146 160 147 122 145 168 
140 136 142 130 124 135 156 682 2979 824 140 169 155 131 137 145 
132 137 114 142 144 157 176 7219 13991 7910 154 166 148 151 123 155 
127 131 154 143 154 137 162 2442 7137 2411 164 131 160 150 126 138 
157 147 137 122 136 144 153 192 299 174 147 136 127 140 151 124 
144 119 140 149 139 147 137 153 166 173 171 153 141 157 131 124 
