171 133 142 131 124 146 148 153 161 162 152 162 146 161 134 186 
151 161 138 158 150 178 151 151 141 144 152 162 130 124 159 152 
149 161 146 161 136 164 142 148 155 146 140 150 148 158 155 162 
176 146 139 158 164 140 170 166 135 167 150 146 135 157 147 151 
172 153 166 154 155 161 140 157 161 150 167 153 156 160 166 154 
174 142 159 130 147 171 149 184 176 191 180 160 176 142 143 164 
160 145 162 138 150 172 171 4003 10708 3761 180 151 136 170 170 176 
169 149 167 147 148 162 198 10442 15262 10481 167 167 134 156 150 142 
141 147 177 165 146 161 183 3665 10722 4010 160 169 156 144 144 137 
141 136 151 140 142 150 169 171 199 169 148 176 139 155 151 158 
165 143 160 160 161 141 162 155 156 152 150 151 155 145 148 150 
166 139 147 137 163 155 169 158 145 146 153 166 162 157 154 173 
178 138 159 146 144 166 149 167 164 145 176 144 142 145 155 154 
130 171 151 149 150 160 158 134 144 163 149 168 156 131 154 141 
144 136 166 166 139 155 169 182 142 155 181 152 138 144 155 156 
173 165 155 176 136 149 157 160 178 150 175 155 156 174 162 174 
