998 1089 1066 1052 1059 1117 1090 1135 1150 1122 1109 1021 1091 1077 1053 1008 
1015 1045 1087 1165 1161 1157 1204 1228 1127 1239 1172 1169 1159 1167 1091 956 
1078 1147 1091 1159 1201 1224 1199 1239 1195 1132 1240 1245 1124 1092 1204 1059 
1116 1195 1202 1202 1214 1205 1218 1290 1294 1253 1261 1235 1271 1210 1110 1054 
1180 1271 1209 1299 1239 1294 1379 1280 1330 1405 1291 1304 1311 1321 1178 1115 
1111 1196 1384 1397 1301 1303 1383 1394 1438 1451 1321 1425 1270 1290 1220 1107 
1078 1179 1292 1346 1443 1479 1524 1492 1534 1500 1423 1469 1395 1251 1178 1056 
1116 1277 1375 1364 1436 1598 1626 1783 1772 1857 1579 1538 1477 1434 1291 1179 
1144 1188 1354 1422 1587 1787 1965 2175 2273 2222 2032 1720 1632 1450 1351 1180 
1208 1207 1337 1501 1726 1980 2427 3197 3578 3259 2536 1954 1713 1541 1281 1176 
1113 1315 1374 1552 1795 2229 3444 10692 35160 12894 3399 2243 1785 1559 1391 1224 
1134 1318 1491 1585 1838 2463 4180 59793 102025 65515 4256 2475 1811 1551 1322 1201 
1148 1234 1348 1563 1875 2384 3611 23439 59752 22230 3686 2317 1813 1506 1390 1217 
1065 1265 1372 1514 1716 2055 2625 3671 4831 3737 2690 1942 1689 1491 1343 1136 
1131 1233 1287 1384 1520 1763 2052 2288 2429 2255 1964 1822 1437 1396 1281 1145 
1063 1146 1122 1264 1312 1410 1658 1706 1728 1683 1560 1491 1279 1285 1195 1078 
