987 1022 1087 1157 1209 1384 1448 1560 1617 1524 1493 1333 1208 1168 1095 1023 
1043 1141 1174 1371 1417 1574 1804 2121 2323 2188 1891 1638 1339 1277 1086 1073 
1079 1133 1239 1347 1555 1822 2500 3474 4393 3509 2596 1820 1518 1294 1241 1096 
1065 1087 1325 1469 1647 2224 3302 21919 55420 20638 3425 2215 1680 1396 1295 1116 
1074 1209 1240 1470 1712 2188 3790 55527 94688 60346 3876 2446 1702 1449 1299 1075 
1078 1156 1336 1466 1699 2129 3111 10122 33481 12180 3226 2148 1648 1345 1250 1132 
1012 1204 1229 1452 1583 1808 2273 2944 3382 2997 2306 1885 1566 1340 1199 1111 
1018 1156 1199 1338 1426 1624 1781 1997 2086 2090 1883 1677 1397 1309 1275 1106 
1040 1110 1278 1246 1361 1392 1543 1725 1675 1641 1510 1446 1326 1307 1175 1093 
1006 1153 1164 1264 1219 1424 1347 1498 1452 1440 1399 1357 1314 1229 1170 1106 
980 1110 1142 1128 1188 1277 1323 1312 1382 1333 1261 1282 1222 1195 1039 1030 
1011 1075 1106 1164 1175 1157 1215 1168 1245 1233 1180 1160 1099 1123 1057 1001 
1006 1177 1139 1204 1202 1173 1113 1234 1202 1118 1207 1164 1135 1107 1072 1028 
982 1032 1053 1034 1098 1125 1190 1197 1126 1129 1136 1092 1148 1049 1080 1010 
949 976 1068 1025 1097 1060 1160 1138 1068 1128 1145 1092 1119 1079 1026 889 
969 971 935 986 953 1075 989 1033 1038 1045 1068 1084 988 1110 981 932 
