968 970 1076 1055 1050 1089 1027 1097 1087 1077 1098 1078 1094 1068 1091 926 
929 1161 1120 1068 1120 1111 1162 1165 1126 1185 1131 1156 1215 1173 1117 965 
1116 1115 1192 1163 1074 1216 1228 1352 1241 1271 1204 1239 1243 1133 1162 1055 
1026 1174 1165 1227 1242 1284 1294 1284 1293 1292 1289 1292 1248 1183 1157 980 
1091 1142 1279 1323 1342 1308 1362 1381 1405 1445 1383 1321 1280 1298 1108 1091 
1148 1206 1309 1351 1388 1440 1491 1511 1555 1504 1511 1504 1431 1293 1297 1089 
1098 1234 1283 1353 1495 1552 1615 1846 1857 1679 1651 1541 1477 1329 1285 1150 
1097 1292 1212 1464 1520 1776 2080 2382 2359 2310 1941 1817 1534 1463 1282 1151 
1134 1225 1316 1492 1722 1955 2705 3441 3981 3485 2672 2086 1738 1523 1312 1234 
1109 1247 1393 1563 1851 2413 3487 14623 46874 18749 3620 2422 1817 1586 1382 1188 
1127 1225 1454 1462 1923 2443 4327 64886 100365 68108 4517 2525 1891 1575 1405 1179 
1124 1294 1390 1529 1769 2355 3839 25235 62568 24000 3919 2409 1841 1548 1399 1203 
1095 1247 1365 1438 1763 2078 2838 3773 4700 3929 2753 2079 1716 1465 1303 1168 
1093 1239 1266 1414 1696 1789 2157 2385 2560 2480 2006 1762 1472 1432 1260 1159 
1087 1151 1266 1260 1386 1508 1716 1745 1732 1842 1737 1474 1381 1263 1122 1082 
1028 1023 1096 1230 1218 1327 1351 1448 1553 1457 1436 1326 1309 1183 1126 1043 
