873 917 952 1008 989 1018 1020 1005 997 973 954 1001 930 912 902 850 
934 997 970 1017 969 1085 1031 1002 1077 1040 1064 1026 977 1085 997 855 
932 1032 955 1085 1056 1027 1075 1115 1108 1127 1115 1009 1024 1065 1023 906 
986 1021 1029 1051 1071 1140 1122 1126 1087 1213 1111 1103 1040 990 990 925 
965 1040 1099 1061 1104 1165 1157 1120 1139 1186 1208 1151 1105 1117 1017 988 
1009 1008 1011 1103 1126 1130 1182 1211 1178 1249 1146 1197 1059 1105 1020 987 
961 1036 1095 1121 1172 1188 1176 1258 1266 1239 1239 1179 1138 1137 1006 948 
965 1021 1148 1166 1181 1267 1373 1377 1309 1379 1259 1213 1224 1088 1130 989 
1074 1056 1163 1202 1355 1374 1450 1508 1570 1578 1461 1390 1319 1197 1128 1033 
991 1115 1185 1252 1383 1539 1654 1844 1902 1807 1738 1464 1363 1315 1172 1079 
1053 1126 1246 1268 1484 1706 2009 2611 3059 2709 2061 1704 1474 1315 1115 1051 
1067 1112 1228 1300 1452 1849 2733 7659 22532 8564 2783 1942 1478 1397 1237 1074 
1020 1114 1164 1320 1594 2076 3347 47234 90249 51903 3506 2085 1582 1223 1174 1014 
1018 1038 1234 1331 1543 1926 2941 18848 48465 18315 3034 2036 1563 1332 1170 1019 
1004 1097 1136 1254 1359 1699 2185 3207 4352 3320 2347 1762 1419 1283 1164 1022 
974 1002 1014 1167 1255 1485 1712 1944 2016 1951 1677 1432 1210 1120 1013 929 
