909 978 984 1151 1148 1276 1279 1335 1333 1430 1327 1239 1171 1132 1056 997 
1035 1111 1168 1236 1321 1460 1595 1783 1726 1753 1566 1407 1376 1171 1179 1097 
1042 1120 1199 1317 1497 1749 2030 2261 2452 2352 1990 1768 1553 1381 1209 1117 
1051 1163 1301 1429 1668 1980 2631 3501 4403 3615 2707 2029 1601 1425 1255 1190 
1106 1189 1255 1504 1793 2265 3607 24088 59258 23045 3717 2293 1765 1479 1274 1150 
1047 1203 1339 1597 1721 2419 4224 62107 95961 64960 4151 2476 1789 1529 1278 1121 
1114 1246 1241 1535 1712 2253 3347 13896 45096 18140 3445 2298 1772 1456 1261 1166 
1079 1165 1346 1516 1588 1945 2530 3315 3880 3356 2428 1951 1547 1365 1290 1062 
1033 1212 1272 1278 1490 1686 2008 2281 2371 2291 1997 1706 1453 1298 1224 1146 
1063 1190 1287 1237 1371 1492 1635 1708 1738 1737 1583 1483 1408 1273 1206 1087 
1074 1147 1186 1207 1285 1401 1441 1469 1504 1484 1466 1344 1344 1169 1169 1099 
1043 1082 1141 1211 1210 1317 1340 1310 1410 1331 1331 1288 1347 1193 1097 1067 
1011 1057 1129 1185 1226 1226 1275 1285 1249 1224 1245 1258 1213 1135 1045 1000 
1014 1047 1111 1152 1113 1116 1120 1215 1240 1153 1177 1106 1171 1085 1088 1050 
1016 1014 1104 1110 1106 1073 1090 1173 1128 1103 1036 1098 1112 1064 1103 975 
936 959 1055 1023 1052 1041 1109 1047 1042 1052 1085 1043 975 985 995 985 
