174 168 184 192 167 172 159 177 171 196 175 147 174 178 180 162 
185 177 177 140 159 158 197 186 167 158 163 163 167 176 148 156 
178 184 137 182 173 152 157 161 191 170 159 148 148 145 156 153 
156 163 149 165 155 140 143 149 164 158 164 165 143 158 125 183 
154 156 158 167 160 160 150 141 165 174 156 152 161 142 167 152 
154 164 135 160 153 153 135 161 140 174 164 148 182 172 161 169 
161 168 188 151 169 171 159 145 176 134 158 122 157 144 163 150 
155 162 125 142 157 134 139 137 148 165 148 173 147 152 137 152 
153 126 150 158 165 149 155 131 137 146 150 154 144 161 181 166 
183 136 152 166 146 148 160 148 131 158 139 136 149 150 164 157 
166 147 140 144 145 172 135 154 164 147 176 154 156 154 165 160 
180 131 148 153 146 151 133 153 162 181 127 129 126 170 136 171 
150 134 155 160 151 153 153 188 163 157 162 136 154 141 150 143 
160 154 160 151 145 141 151 161 174 154 154 152 145 161 147 170 
154 159 158 159 159 164 192 568 1472 533 149 155 158 148 172 167 
166 156 142 158 152 144 171 3999 11311 4356 179 158 150 143 138 161 
