980 1075 1066 1094 1152 1174 1142 1274 1217 1307 1217 1242 1133 1132 1055 1025 
1122 1205 1193 1208 1358 1376 1335 1471 1369 1445 1384 1329 1240 1146 1114 987 
1119 1217 1226 1366 1344 1487 1550 1576 1682 1666 1478 1462 1352 1231 1203 1091 
1166 1205 1252 1459 1612 1560 1819 1968 2011 1936 1805 1707 1523 1348 1229 1153 
1146 1172 1369 1474 1606 1902 2209 2705 2719 2583 2280 1912 1677 1446 1279 1179 
1146 1245 1436 1574 1775 2288 3047 4091 4898 4036 3028 2308 1857 1613 1326 1230 
1191 1275 1425 1600 2020 2612 4241 30441 71742 28677 4132 2524 1900 1582 1337 1224 
1200 1238 1393 1683 1981 2810 4911 71796 102264 70406 4829 2824 1970 1598 1439 1183 
1167 1278 1485 1667 1945 2711 4040 27705 71417 30786 4202 2543 1998 1635 1373 1201 
1147 1241 1411 1501 1816 2191 2946 4269 4819 4219 3125 2276 1803 1578 1340 1263 
1120 1277 1398 1495 1649 1950 2297 2558 2846 2695 2265 1944 1677 1466 1300 1183 
1140 1120 1329 1367 1529 1666 1879 1961 1984 2028 1806 1751 1529 1379 1316 1096 
1094 1211 1261 1342 1329 1509 1470 1618 1648 1621 1621 1496 1376 1276 1166 1119 
1052 1144 1227 1310 1279 1410 1463 1389 1445 1452 1363 1290 1333 1230 1185 1048 
1005 1097 1156 1225 1192 1242 1279 1297 1291 1281 1299 1222 1179 1163 1126 1043 
1018 1078 1044 1094 1136 1140 1212 1118 1198 1116 1177 1188 1057 1111 1048 999 
