146 134 157 144 172 161 128 164 161 146 135 171 180 139 178 158 
140 150 169 144 129 147 158 145 156 162 160 149 154 156 170 150 
198 156 147 169 146 156 131 162 147 136 155 181 147 151 155 132 
161 138 155 151 168 146 149 152 147 150 172 134 144 158 162 144 
165 154 181 152 179 147 157 150 149 161 145 142 172 173 149 153 
140 161 134 162 140 145 130 145 142 168 173 148 155 176 178 137 
130 154 143 158 158 138 130 160 153 144 135 143 138 141 164 147 
155 156 131 160 155 151 144 173 163 167 154 160 146 169 130 153 
156 145 150 169 172 135 165 152 186 193 169 151 144 172 143 179 
144 156 178 139 168 152 173 1588 6610 2261 175 184 178 142 140 177 
159 140 170 156 159 150 183 9697 15182 10240 189 146 164 142 138 151 
161 159 153 129 135 145 213 3308 9314 3192 205 147 169 136 177 141 
151 145 154 131 151 158 155 175 234 153 150 153 157 161 176 158 
146 152 137 149 163 134 168 166 160 186 153 148 154 155 126 160 
144 157 153 151 162 160 167 135 164 165 178 131 163 153 128 152 
163 136 141 172 134 167 162 156 196 198 168 158 150 161 134 141 
