156 137 161 158 140 146 152 142 161 144 147 134 148 138 154 133 
141 159 172 132 113 142 166 145 130 154 133 144 130 168 138 157 
138 129 150 121 148 145 160 161 147 151 123 144 156 138 130 156 
164 140 144 131 128 134 154 151 155 137 156 143 131 162 138 156 
169 139 160 122 146 150 145 152 151 144 166 130 141 127 132 162 
152 155 149 129 113 132 143 164 162 142 153 118 150 144 140 139 
114 140 130 130 158 158 130 168 184 184 150 152 156 132 166 135 
175 152 129 160 142 163 180 3362 10417 3885 178 139 147 129 160 125 
132 133 134 168 125 157 176 10016 14567 10165 182 173 159 159 129 163 
128 139 158 135 151 160 174 3910 10073 3625 151 143 160 120 152 172 
143 144 147 149 158 154 165 168 183 153 152 157 131 133 147 145 
181 164 151 152 145 178 165 151 149 153 162 143 144 161 151 155 
122 139 137 145 124 132 153 138 155 155 141 152 145 128 149 165 
152 151 131 162 142 138 146 134 125 144 145 135 148 149 142 137 
127 144 181 143 149 152 143 150 152 138 132 135 124 165 156 143 
149 142 158 163 156 157 158 163 162 148 140 172 167 159 151 165 
