984 991 938 979 1068 1073 1108 1028 1061 1096 1049 1041 993 1003 1009 928 
1089 1072 1089 1156 1110 1116 1087 1089 1201 1202 1053 1186 1065 1036 1050 963 
991 1068 1101 1198 1157 1192 1282 1166 1270 1187 1229 1205 1163 1166 1102 995 
1023 1006 1195 1188 1290 1275 1316 1313 1382 1363 1264 1254 1221 1229 1117 1083 
1050 1132 1214 1259 1305 1464 1402 1528 1541 1476 1510 1427 1293 1259 1237 1101 
1072 1135 1235 1211 1395 1474 1599 1849 1844 1765 1625 1601 1488 1334 1195 1066 
1052 1107 1265 1395 1481 1742 2017 2261 2543 2362 2033 1769 1525 1365 1211 1156 
1044 1190 1303 1478 1660 2085 2661 3581 4054 3682 2612 2054 1640 1390 1291 1109 
1031 1211 1396 1506 1796 2419 3564 19749 55828 24829 3813 2394 1766 1520 1249 1146 
1129 1216 1314 1535 1859 2555 4543 65798 95731 66259 4500 2527 1868 1514 1395 1141 
1112 1214 1278 1598 1794 2369 3772 26536 63169 24830 3769 2386 1775 1469 1336 1152 
1114 1257 1283 1338 1738 2078 2780 3792 4426 3746 2727 2027 1706 1420 1305 1060 
1096 1130 1240 1328 1575 1785 2021 2415 2535 2514 1979 1759 1532 1344 1196 1093 
1064 1206 1198 1293 1366 1489 1708 1769 1921 1783 1638 1501 1377 1261 1145 1016 
1022 1131 1124 1116 1325 1328 1417 1505 1569 1477 1453 1303 1215 1200 1081 1018 
957 993 1055 1071 1133 1227 1180 1216 1200 1237 1232 1127 1115 1071 1048 961 
