142 136 139 133 141 133 146 149 142 152 154 141 173 139 136 127 
147 151 154 139 176 149 131 141 166 175 140 115 131 130 123 154 
129 126 129 139 159 131 156 179 148 172 146 158 150 138 126 168 
134 130 152 152 152 145 157 158 234 170 153 142 125 144 149 137 
160 144 128 148 150 148 174 3156 8911 2925 145 166 132 141 126 145 
146 160 157 167 155 168 188 9312 14522 9637 166 175 149 151 152 153 
155 141 141 152 172 170 177 1578 6604 2183 171 179 157 141 148 157 
143 140 140 135 146 153 156 163 177 166 151 142 131 143 140 129 
153 152 144 128 130 141 166 162 176 170 168 149 136 159 153 163 
132 148 156 141 136 130 165 154 124 158 150 144 158 138 143 153 
155 145 144 154 141 138 157 161 166 141 144 139 141 136 146 137 
140 139 137 149 146 158 143 146 169 145 143 143 159 143 127 163 
164 138 141 140 159 164 161 141 152 131 117 142 158 141 147 141 
150 163 169 153 150 148 133 151 160 144 142 150 129 133 163 164 
151 137 162 143 170 143 153 147 149 138 164 142 148 157 162 159 
161 157 169 133 156 169 184 148 148 149 139 160 143 135 139 166 
