153 136 139 144 142 167 147 140 163 152 144 154 164 160 126 167 
127 156 167 151 147 148 148 199 306 187 176 134 156 165 138 155 
144 155 145 161 143 158 149 2764 7880 2580 165 153 137 130 148 148 
130 165 152 144 155 179 182 7597 15003 8357 179 152 157 132 185 144 
152 150 151 153 125 147 162 770 3029 881 183 145 157 128 118 153 
139 137 135 143 144 131 161 157 171 138 150 150 186 153 137 163 
180 157 136 146 143 152 163 159 164 151 141 143 161 129 156 155 
153 154 154 142 144 147 160 144 150 155 122 153 151 143 143 150 
140 148 166 155 152 132 136 142 169 156 144 158 133 142 155 142 
180 157 142 146 150 148 132 181 152 178 122 143 149 138 165 133 
129 135 137 167 131 168 139 154 157 146 139 148 132 141 157 132 
154 134 161 140 116 134 154 173 147 143 176 126 136 156 152 159 
157 160 155 149 150 144 172 140 145 160 159 143 141 153 138 150 
138 160 138 144 133 165 146 182 124 140 139 135 150 176 155 163 
174 124 161 163 121 152 167 152 154 165 142 144 140 150 170 140 
187 164 149 158 158 173 153 140 177 160 170 154 156 164 141 149 
