1016 1093 1049 1165 1140 1084 1104 1115 1125 1168 1147 1070 1094 1052 1063 973 
1042 1137 1132 1116 1160 1119 1180 1174 1124 1111 1159 1102 1103 1129 1091 934 
1029 1112 1106 1227 1167 1159 1152 1142 1220 1201 1222 1148 1179 1152 1127 1077 
1087 1151 1157 1136 1162 1148 1164 1166 1202 1148 1164 1201 1180 1258 1086 1101 
1054 1136 1194 1162 1163 1180 1192 1267 1230 1202 1202 1184 1243 1092 1101 1031 
1037 1175 1180 1171 1230 1162 1190 1199 1237 1226 1214 1179 1218 1195 1159 1086 
1057 1155 1238 1172 1269 1187 1240 1216 1210 1190 1187 1162 1210 1183 1125 1100 
1123 1183 1190 1141 1227 1159 1220 1205 1190 1276 1171 1153 1176 1168 1187 1047 
1109 1163 1167 1175 1251 1234 1246 1214 1228 1241 1207 1179 1221 1199 1211 1066 
1101 1171 1134 1173 1251 1259 1282 1297 1274 1309 1307 1104 1180 1249 1184 1069 
1029 1156 1123 1219 1280 1337 1310 1352 1376 1363 1301 1322 1229 1292 1147 1093 
1058 1081 1179 1253 1251 1310 1406 1412 1427 1467 1324 1312 1250 1299 1179 1137 
1040 1124 1160 1274 1336 1502 1524 1661 1700 1596 1530 1374 1303 1285 1165 1065 
1077 1090 1204 1290 1379 1477 1719 2086 2320 2082 1629 1428 1368 1274 1226 1137 
1062 1128 1172 1218 1349 1610 2029 5194 11104 5183 1999 1575 1403 1204 1096 1074 
1080 1059 1046 1174 1271 1504 2151 26016 70694 28659 2115 1544 1282 1084 1083 1043 
