1047 1105 1247 1259 1171 1389 1403 1388 1386 1328 1311 1288 1248 1275 1140 1110 
1097 1205 1257 1338 1410 1475 1617 1654 1699 1693 1642 1477 1378 1282 1155 1119 
1139 1268 1407 1414 1557 1727 1863 1999 2110 1995 1850 1652 1530 1400 1277 1190 
1185 1278 1409 1520 1706 1912 2204 2660 2836 2669 2219 2004 1719 1485 1319 1177 
1279 1394 1439 1653 1902 2219 3049 4248 4951 4156 3118 2255 1861 1533 1440 1235 
1145 1345 1483 1676 2100 2681 4283 29526 70868 27771 4196 2624 2025 1650 1452 1263 
1207 1310 1471 1672 2010 2643 4884 72864 106470 74047 4938 2824 2094 1686 1497 1316 
1276 1298 1470 1679 2002 2585 4037 21297 62270 27407 4200 2595 2014 1637 1449 1289 
1185 1341 1457 1598 1814 2204 3035 3834 4830 4043 2959 2368 1933 1672 1544 1246 
1212 1282 1420 1482 1689 1892 2223 2511 2897 2572 2316 1929 1651 1555 1337 1169 
1204 1341 1310 1530 1533 1612 1902 2035 1975 2052 1864 1718 1563 1413 1313 1239 
1133 1229 1348 1399 1437 1553 1653 1640 1716 1605 1542 1541 1474 1299 1279 1132 
1175 1173 1232 1343 1384 1390 1498 1484 1540 1467 1476 1464 1409 1344 1202 1139 
1135 1204 1247 1303 1352 1377 1358 1388 1417 1318 1295 1330 1283 1306 1166 1164 
1064 1086 1150 1235 1191 1290 1257 1294 1233 1355 1306 1259 1227 1215 1194 1056 
1047 1133 1120 1066 1134 1152 1226 1210 1156 1186 1117 1171 1162 1109 1075 1005 
