1021 1064 1096 1129 1326 1446 2108 25364 70267 28816 2208 1449 1259 1233 1079 1008 
1074 1111 1189 1286 1301 1535 1955 4994 10610 5091 1982 1506 1428 1282 1119 1108 
1052 1148 1187 1270 1423 1565 1723 1976 2325 1989 1649 1491 1344 1270 1162 1079 
1128 1155 1191 1232 1383 1398 1419 1529 1677 1597 1482 1438 1311 1273 1212 1081 
1102 1120 1234 1211 1341 1308 1424 1491 1494 1445 1366 1350 1299 1232 1152 1091 
1040 1145 1216 1226 1282 1222 1367 1355 1297 1353 1292 1304 1205 1259 1146 1140 
1146 1205 1233 1159 1227 1404 1289 1233 1325 1344 1290 1222 1187 1243 1147 1097 
1110 1117 1193 1185 1299 1265 1298 1251 1279 1305 1224 1206 1163 1216 1095 1135 
1109 1210 1110 1166 1197 1214 1224 1261 1252 1276 1253 1192 1202 1172 1165 1042 
1014 1121 1178 1160 1197 1261 1163 1297 1239 1238 1213 1173 1254 1168 1075 1033 
1074 1149 1120 1173 1268 1200 1165 1230 1221 1235 1186 1240 1155 1167 1104 1015 
1020 1108 1246 1195 1218 1235 1173 1242 1247 1252 1194 1176 1212 1173 1181 1076 
1052 1220 1187 1212 1221 1214 1240 1186 1228 1177 1234 1217 1144 1107 1201 1122 
1112 1143 1181 1146 1110 1186 1223 1223 1187 1118 1180 1187 1121 1148 1100 1047 
1131 1140 1142 1095 1177 1169 1212 1132 1212 1127 1112 1124 1036 1115 1159 1074 
1027 1120 1095 1111 1093 1148 1100 1147 1085 1030 1080 1097 1066 1079 1108 989 
