172 156 173 178 167 165 157 166 164 150 193 180 148 181 164 178 
169 158 147 162 173 164 144 182 151 150 173 169 156 147 153 167 
154 181 151 143 172 164 155 181 140 160 165 144 135 170 153 163 
157 162 169 163 159 131 161 147 161 158 154 173 151 119 147 168 
188 169 149 157 195 148 159 187 218 161 180 151 161 142 161 164 
166 166 155 176 148 183 210 3893 10360 3501 172 150 176 166 156 161 
164 164 178 161 145 134 201 10977 16082 11276 192 192 167 154 149 149 
175 157 168 149 165 171 184 2694 9255 3598 194 142 174 160 161 168 
161 135 176 149 181 148 159 183 211 202 164 177 171 159 160 138 
169 175 172 136 153 162 175 159 168 165 143 163 137 160 160 176 
156 177 127 152 142 134 155 153 155 156 167 162 159 181 141 152 
167 166 146 146 138 162 148 167 141 171 137 158 181 134 142 163 
178 181 157 150 144 169 139 153 151 161 155 150 167 167 142 130 
153 144 144 171 163 183 151 157 174 148 128 138 139 162 161 164 
159 144 136 156 153 156 151 158 150 164 155 161 175 179 158 163 
169 159 179 183 166 155 162 167 154 160 158 186 177 171 145 183 
