1095 1223 1287 1307 1499 1809 2257 3406 5252 3587 2332 1865 1403 1322 1258 1140 
1100 1240 1306 1434 1606 2147 3183 20056 51517 19499 3195 2092 1566 1446 1356 1172 
1144 1207 1266 1463 1680 2139 3503 45267 96275 49920 3653 2239 1670 1447 1277 1140 
1089 1236 1354 1535 1722 2049 2800 7274 17840 7696 2879 2073 1723 1444 1232 1122 
1150 1207 1318 1430 1519 1817 2133 2699 3057 2742 2215 1716 1591 1425 1385 1125 
1173 1201 1288 1321 1460 1611 1864 1959 2067 1927 1834 1562 1499 1447 1322 1176 
1196 1217 1275 1309 1412 1471 1561 1653 1689 1666 1565 1542 1359 1343 1257 1231 
1144 1163 1240 1369 1386 1360 1517 1497 1554 1527 1467 1425 1315 1348 1266 1133 
1133 1158 1267 1299 1344 1334 1400 1338 1425 1438 1360 1298 1405 1239 1271 1074 
1176 1204 1243 1261 1271 1297 1356 1287 1339 1415 1310 1288 1244 1253 1231 1217 
1130 1194 1261 1234 1254 1310 1345 1267 1317 1305 1342 1244 1242 1198 1200 1061 
1046 1169 1205 1218 1232 1250 1260 1305 1286 1264 1289 1277 1184 1239 1198 1167 
1083 1207 1116 1260 1262 1260 1213 1263 1201 1244 1271 1273 1212 1255 1170 1102 
1087 1118 1167 1280 1211 1251 1173 1133 1257 1196 1262 1223 1208 1126 1094 1081 
1061 1101 1128 1168 1123 1201 1170 1154 1257 1167 1210 1194 1188 1140 1110 1063 
1003 1059 1143 1129 1102 1076 1128 1155 1100 1157 1127 1153 1129 1100 1123 1003 
