150 164 152 190 162 154 189 2419 7128 2374 166 160 175 160 141 153 
169 138 152 143 186 176 189 5244 13119 6073 183 178 127 155 168 170 
159 143 165 154 178 150 165 635 1788 625 159 137 179 141 157 146 
173 165 141 136 116 148 206 177 208 171 156 149 161 163 154 162 
147 170 168 153 142 149 165 166 172 151 165 164 158 154 164 157 
168 134 163 158 161 146 155 178 174 137 140 155 163 136 154 142 
161 133 181 152 158 150 151 153 175 139 158 158 141 150 170 175 
158 154 148 161 158 151 175 133 144 176 147 130 134 183 150 150 
181 154 160 138 170 161 165 155 154 148 145 146 149 148 170 157 
144 183 164 143 153 171 172 148 144 165 145 162 139 152 165 180 
171 155 179 145 160 164 175 154 173 166 172 146 162 167 152 163 
180 156 173 163 152 164 153 169 144 136 160 148 164 165 153 168 
178 176 158 160 167 163 161 168 166 121 162 152 162 141 157 167 
187 139 153 143 147 167 158 152 135 195 161 154 146 146 161 158 
181 180 149 179 164 164 165 150 155 159 171 159 156 148 171 167 
181 170 169 174 194 168 187 182 155 176 203 154 163 171 146 188 
