1065 1136 1235 1367 1447 1783 2631 18008 46606 18189 2765 1823 1561 1278 1175 1088 
1094 1181 1238 1313 1549 2042 3090 35552 85028 40473 3190 1988 1500 1444 1232 1117 
1089 1194 1282 1409 1653 1912 2524 6214 14167 6484 2575 1928 1627 1361 1251 1135 
1138 1322 1290 1418 1516 1633 2142 2449 2814 2418 2006 1674 1519 1449 1293 1103 
1090 1264 1334 1298 1450 1521 1710 1809 1976 1896 1716 1567 1488 1409 1228 1145 
1164 1163 1252 1223 1324 1417 1511 1591 1609 1584 1551 1434 1441 1365 1245 1006 
1102 1185 1293 1278 1322 1385 1364 1404 1457 1441 1351 1333 1268 1257 1216 1171 
1041 1178 1250 1348 1329 1335 1252 1344 1345 1371 1322 1238 1239 1267 1218 1124 
1114 1194 1302 1283 1310 1301 1265 1285 1345 1366 1283 1286 1228 1203 1150 1109 
1102 1150 1205 1184 1258 1287 1253 1287 1251 1337 1269 1268 1242 1222 1199 1110 
1101 1133 1344 1264 1232 1220 1280 1307 1216 1307 1272 1201 1210 1187 1206 1125 
1112 1178 1253 1234 1204 1247 1319 1305 1284 1259 1264 1203 1176 1205 1159 1084 
1115 1176 1197 1188 1157 1160 1259 1309 1281 1153 1216 1157 1227 1135 1160 1121 
1054 1098 1133 1157 1148 1169 1192 1211 1204 1204 1223 1107 1159 1174 1106 1061 
1037 1092 1148 1178 1199 1226 1191 1113 1106 1171 1170 1186 1117 1027 1143 1055 
1024 1054 1118 1096 1130 1156 1093 1071 1064 1068 1095 1078 1086 1051 1028 1031 
