144 132 146 134 145 151 141 134 145 129 166 142 142 138 160 161 
164 125 121 150 118 145 145 153 183 142 173 147 149 145 136 136 
144 142 154 132 138 134 165 205 232 177 129 119 128 143 174 172 
172 113 138 157 143 135 161 2902 8388 2621 178 163 153 159 138 130 
153 173 126 143 155 172 168 8460 14437 9184 168 137 126 144 158 153 
169 125 158 159 133 132 164 1011 4587 1319 160 146 138 144 156 129 
144 138 143 165 163 149 149 149 166 157 126 151 158 146 156 146 
156 125 152 156 166 157 152 130 153 133 156 145 133 132 158 141 
144 154 141 144 155 133 141 146 142 156 157 143 145 160 129 145 
158 143 140 166 139 163 143 149 140 160 158 160 141 151 156 167 
151 145 141 149 132 151 150 162 150 133 161 142 134 164 140 133 
149 145 160 134 143 152 146 136 137 143 140 144 133 143 132 155 
170 150 139 152 152 139 140 141 137 125 170 137 140 137 132 138 
149 153 134 145 132 139 147 132 151 135 148 145 137 127 144 154 
133 141 135 129 175 166 162 162 123 164 157 144 127 135 141 134 
158 142 137 166 148 139 148 144 163 164 179 174 153 164 156 154 
