176 188 138 165 183 166 157 194 187 162 171 174 171 160 174 179 
146 147 166 160 163 154 154 163 142 149 143 156 186 143 163 166 
174 177 172 158 152 169 183 181 138 161 141 156 176 149 141 155 
165 141 168 138 165 152 144 162 163 137 176 146 158 172 157 160 
175 170 141 155 162 184 172 137 145 129 177 169 156 159 145 167 
190 156 149 151 154 151 175 142 147 169 153 151 168 139 161 150 
171 168 174 140 167 131 170 163 149 152 144 138 167 146 166 160 
151 152 174 168 149 160 143 153 162 157 129 147 154 152 171 155 
178 153 170 177 176 166 169 153 138 139 155 178 136 143 173 158 
152 166 167 149 160 149 156 156 169 171 144 160 164 163 159 166 
193 163 148 158 158 159 157 178 151 175 156 172 137 157 143 150 
178 170 132 137 157 147 157 161 146 182 175 146 157 160 178 148 
181 190 155 163 144 114 184 186 179 183 160 171 155 161 146 146 
149 153 165 149 142 158 179 590 1682 570 182 185 152 184 148 147 
169 166 145 153 150 167 175 5230 13204 5931 189 151 142 161 151 152 
164 142 164 162 154 192 200 2535 7106 2573 207 188 156 167 172 157 
