154 143 169 139 166 143 147 139 156 176 165 151 143 145 155 162 
164 123 133 146 127 127 139 136 132 154 128 166 158 135 135 152 
142 113 146 155 128 165 127 141 167 143 143 155 150 135 142 149 
145 135 154 162 146 151 118 119 134 155 131 121 148 148 136 145 
164 121 143 156 146 155 145 144 125 134 145 155 173 145 153 137 
133 136 145 120 134 142 139 138 124 157 152 161 167 145 141 142 
160 124 138 139 148 154 147 148 166 139 134 141 165 142 160 156 
132 150 150 153 124 129 159 173 176 178 143 149 146 141 140 141 
136 122 158 130 145 160 153 2454 8208 3228 180 125 146 170 123 146 
151 132 144 152 149 144 208 9788 14506 10141 195 151 158 129 153 138 
155 147 151 150 140 151 187 3479 9410 3172 162 145 134 134 140 143 
139 147 153 137 141 140 179 174 197 179 146 142 138 135 153 117 
137 141 145 125 146 147 163 146 159 146 178 145 152 151 126 158 
142 158 144 133 135 155 129 148 153 142 124 143 151 144 114 135 
172 157 137 132 136 165 168 144 151 141 153 154 118 150 147 149 
139 136 138 148 152 161 153 143 120 137 145 132 134 134 137 145 
