170 180 172 175 167 170 153 160 172 156 152 178 142 162 179 160 
197 149 154 154 135 154 161 133 149 148 168 190 167 158 172 139 
159 162 144 145 164 174 141 156 162 138 153 166 144 132 182 142 
168 171 150 141 179 145 132 146 167 155 176 167 180 157 138 166 
168 170 152 184 151 141 176 137 152 154 154 138 169 148 146 149 
147 152 158 178 162 142 173 172 143 174 160 183 140 172 163 155 
161 135 141 157 167 175 160 144 161 145 134 172 175 141 155 133 
161 159 155 137 133 164 137 146 160 143 152 126 141 170 148 165 
168 158 149 154 168 152 164 173 164 136 176 139 170 153 161 159 
156 143 149 150 152 155 181 161 183 174 181 166 164 164 134 166 
161 152 143 166 154 148 188 1027 4813 1412 153 146 154 178 183 144 
146 182 189 151 162 165 190 9003 15617 9977 189 171 183 159 152 168 
139 149 147 132 180 171 187 3050 8907 2897 168 188 157 164 142 158 
172 159 144 140 161 162 145 165 309 184 154 131 154 161 156 151 
159 155 152 143 146 128 163 160 169 169 135 177 141 146 155 153 
168 146 131 163 157 180 172 166 167 158 151 188 144 144 167 168 
