1002 1177 1075 1128 1165 1202 1135 1129 1118 1177 1166 1096 1081 1134 1113 1073 
1083 1136 1132 1215 1218 1143 1128 1175 1156 1186 1245 1179 1223 1110 1083 1042 
1109 1140 1156 1232 1232 1212 1285 1268 1163 1207 1243 1244 1194 1141 1093 1101 
1111 1211 1122 1272 1268 1239 1248 1244 1218 1246 1229 1204 1216 1223 1171 1128 
1192 1180 1235 1194 1236 1261 1285 1301 1296 1264 1319 1303 1249 1188 1144 1102 
1064 1169 1228 1313 1288 1248 1225 1259 1261 1350 1255 1281 1237 1194 1239 1107 
1066 1214 1248 1297 1265 1366 1318 1357 1389 1308 1298 1273 1325 1301 1212 1170 
1196 1217 1246 1242 1386 1365 1329 1395 1502 1396 1392 1424 1314 1307 1197 1081 
1116 1179 1293 1259 1388 1491 1446 1455 1482 1511 1411 1330 1371 1299 1279 1172 
1154 1199 1286 1332 1503 1457 1564 1551 1738 1698 1596 1460 1403 1358 1279 1205 
1100 1238 1340 1460 1558 1635 1872 2059 2096 1976 1865 1620 1562 1407 1344 1175 
1077 1212 1317 1463 1598 1855 2240 2676 3173 2669 2340 1707 1565 1402 1306 1175 
1166 1203 1359 1520 1757 2160 2821 7303 17936 7967 2917 2039 1772 1427 1317 1181 
1136 1249 1374 1489 1771 2205 3410 44887 96728 50208 3580 2240 1711 1562 1297 1195 
1147 1156 1320 1436 1608 2081 3153 19873 51294 19530 3364 2030 1599 1420 1295 1181 
1061 1207 1245 1301 1540 1762 2317 3454 5293 3537 2410 1741 1508 1176 1256 1113 
