184 171 160 199 156 166 169 235 433 253 166 147 166 161 141 154 
164 155 149 159 138 182 180 2640 7622 2544 194 140 169 149 170 154 
181 155 155 155 158 180 193 6616 14896 7467 180 175 168 149 146 169 
160 161 154 179 181 181 185 653 2284 706 173 177 144 171 147 165 
178 151 150 158 160 154 151 169 170 194 175 171 161 191 169 161 
170 167 141 153 167 146 162 187 149 171 147 149 168 173 186 160 
169 172 130 169 164 175 152 149 179 166 176 184 144 148 159 187 
144 152 144 152 129 145 175 144 163 173 140 169 151 152 177 169 
169 143 143 151 163 153 152 150 172 175 144 163 172 159 170 150 
153 157 145 144 148 158 163 159 146 181 137 158 147 136 153 179 
191 166 164 156 150 174 151 150 165 166 177 163 157 141 162 153 
146 162 160 142 127 150 168 146 157 158 173 160 154 151 171 193 
182 152 139 154 152 148 193 169 157 173 160 153 155 140 156 157 
162 158 151 168 157 195 154 158 143 171 174 184 144 160 165 178 
139 165 183 169 169 178 153 137 182 156 166 178 170 146 150 171 
174 175 186 155 171 166 172 175 158 188 176 182 172 157 192 176 
