913 1015 979 1080 1077 1090 1089 1137 1146 1151 1118 1107 1093 1095 1073 932 
977 1064 1117 1138 1180 1197 1254 1181 1257 1253 1269 1172 1091 1142 1095 1038 
1049 1132 1130 1134 1196 1286 1401 1319 1362 1355 1317 1305 1206 1122 1167 1007 
1035 1067 1241 1285 1300 1441 1494 1509 1556 1556 1467 1439 1293 1249 1173 1109 
1071 1215 1272 1362 1380 1596 1820 1947 1904 1949 1799 1590 1511 1220 1203 1090 
1133 1181 1236 1393 1575 1809 2065 2480 2717 2443 2226 1792 1541 1432 1174 1115 
1020 1187 1279 1468 1785 2199 2924 3874 4747 3998 2856 2136 1676 1464 1294 1172 
1181 1218 1358 1496 1951 2499 3821 26377 68396 28998 3950 2487 1807 1438 1355 1162 
1108 1245 1360 1647 1939 2637 4759 68404 96828 67494 4705 2685 1975 1630 1374 1217 
1038 1223 1359 1549 1835 2426 4080 29193 67757 26986 3857 2504 1819 1489 1333 1191 
1154 1230 1350 1510 1725 2119 2944 3947 4547 3875 2891 2152 1665 1450 1334 1157 
1133 1203 1267 1396 1551 1898 2178 2422 2628 2463 2098 1901 1627 1433 1276 1123 
1018 1076 1262 1284 1391 1650 1759 1895 1968 1892 1702 1632 1418 1241 1230 1043 
1007 1179 1195 1287 1289 1395 1475 1554 1617 1517 1475 1420 1349 1247 1190 1024 
969 1085 1209 1156 1179 1310 1331 1368 1338 1344 1307 1250 1202 1261 1101 1003 
969 987 1018 1103 1190 1105 1183 1238 1134 1175 1136 1104 1118 1073 1032 939 
