1001 1070 1107 1088 1125 1140 1046 1143 1123 1166 1140 1127 1121 1099 1018 1069 
1040 1127 1148 1136 1195 1208 1191 1183 1171 1147 1114 1211 1209 1088 1112 1066 
1086 1184 1187 1226 1253 1284 1235 1250 1151 1258 1236 1171 1211 1182 1071 1106 
1047 1092 1193 1216 1259 1145 1218 1261 1321 1276 1200 1222 1138 1199 1145 1078 
1109 1164 1199 1177 1267 1265 1267 1246 1224 1247 1248 1202 1178 1247 1106 1109 
1099 1098 1177 1219 1195 1217 1220 1305 1252 1227 1250 1170 1267 1221 1233 1095 
1111 1204 1224 1252 1268 1212 1299 1307 1226 1294 1249 1166 1265 1271 1174 1068 
1117 1145 1345 1259 1335 1254 1407 1318 1325 1228 1258 1285 1260 1210 1163 1090 
1117 1204 1273 1332 1312 1298 1350 1373 1371 1372 1418 1293 1247 1138 1200 1100 
1119 1210 1238 1285 1383 1395 1431 1471 1442 1391 1400 1414 1265 1310 1185 1126 
1106 1120 1239 1391 1349 1507 1469 1540 1564 1573 1506 1480 1376 1308 1222 1154 
1125 1225 1266 1392 1420 1505 1713 1863 1886 1959 1753 1532 1451 1317 1257 1151 
1132 1249 1274 1387 1499 1617 2085 2456 2787 2518 2063 1747 1438 1310 1267 1092 
1155 1265 1278 1339 1478 1831 2495 6246 13351 6328 2544 1845 1525 1435 1243 1123 
1143 1147 1281 1329 1557 1969 3067 35066 84888 39842 3081 1963 1560 1310 1305 1118 
1035 1099 1234 1297 1450 1860 2728 18537 47195 18704 2764 1775 1453 1329 1160 1050 
