986 1053 1131 1198 1314 1564 1760 2097 2194 2061 1816 1536 1394 1224 1125 1078 
1026 1187 1232 1428 1580 1796 2420 3441 4776 3566 2393 1798 1580 1313 1219 1120 
997 1172 1238 1424 1671 2120 3217 20685 53240 20173 3287 2128 1667 1358 1271 1123 
1094 1230 1287 1515 1658 2245 3690 50145 97187 55104 3685 2195 1735 1403 1372 1093 
1110 1233 1310 1390 1639 2073 2863 7905 23606 8954 2961 2060 1659 1348 1299 1125 
1044 1215 1243 1404 1612 1806 2209 2824 3040 2716 2325 1831 1591 1322 1185 1112 
1054 1194 1293 1242 1416 1566 1823 2027 2037 2011 1833 1646 1371 1257 1210 1121 
1078 1186 1284 1275 1322 1446 1584 1597 1634 1586 1587 1445 1381 1302 1188 1100 
1053 1240 1168 1252 1252 1306 1352 1448 1498 1419 1485 1358 1286 1296 1222 1104 
1108 1092 1196 1166 1310 1268 1281 1429 1413 1372 1325 1329 1244 1192 1244 1139 
1087 1157 1140 1279 1259 1259 1205 1265 1279 1348 1281 1234 1160 1191 1119 1009 
1010 1104 1193 1190 1225 1229 1291 1176 1213 1211 1272 1206 1165 1143 1172 1039 
1056 1112 1097 1113 1178 1219 1281 1227 1193 1171 1239 1183 1158 1098 1141 1037 
956 1100 1175 1098 1141 1162 1119 1199 1093 1181 1193 1132 1195 1151 1088 1084 
1039 1059 1070 1117 1034 1079 1086 1100 1125 1137 1167 1123 1094 1086 1078 1006 
996 1046 990 999 1063 1043 1029 1047 1103 1034 1002 1031 1017 1044 979 939 
