948 1045 1050 1066 1052 999 1055 1079 989 1041 1089 1080 1004 1081 1067 941 
977 1026 1077 1066 1107 1076 1137 1149 1099 1105 1138 1064 1049 1128 1094 1003 
930 1091 1126 1143 1085 1145 1145 1163 1174 1139 1244 1148 1184 1174 1069 1069 
1048 1121 1136 1182 1151 1229 1199 1258 1258 1230 1246 1206 1057 1165 1099 1031 
1088 1144 1138 1252 1234 1175 1265 1318 1248 1249 1245 1310 1209 1195 1144 1047 
1038 1115 1200 1296 1251 1217 1325 1280 1325 1382 1271 1284 1231 1246 1230 1133 
1103 1144 1246 1244 1283 1338 1431 1487 1497 1563 1482 1415 1402 1309 1193 1082 
1117 1127 1204 1290 1355 1473 1619 1588 1670 1690 1767 1635 1511 1369 1287 1180 
1040 1126 1238 1338 1405 1507 1633 1977 2013 2211 2136 1935 1735 1420 1312 1262 
1108 1095 1224 1359 1423 1579 1840 2343 2926 3400 3025 2470 1943 1575 1410 1206 
1015 1170 1261 1380 1480 1687 2128 3074 8502 32532 15129 3233 2232 1660 1431 1254 
1094 1147 1215 1363 1512 1785 2310 3717 48236 98212 61908 3768 2350 1737 1451 1247 
1048 1134 1223 1276 1435 1677 2216 3263 23379 57106 20743 3448 2212 1736 1387 1238 
1076 1102 1195 1239 1428 1549 1865 2506 3456 4484 3711 2584 1939 1638 1422 1187 
1037 1021 1197 1164 1342 1508 1635 1885 2193 2384 2234 1869 1607 1406 1346 1131 
997 1000 1059 1163 1140 1279 1330 1536 1653 1703 1683 1465 1344 1254 1223 1026 
