177 157 169 151 152 167 188 151 139 152 175 135 182 176 170 149 
169 142 189 162 154 158 148 151 162 150 165 165 165 166 145 145 
179 156 147 149 142 161 157 142 163 159 182 156 137 158 172 175 
170 169 176 161 151 145 164 170 154 182 170 156 159 160 144 144 
161 165 165 154 152 173 141 138 151 136 187 162 160 155 160 148 
129 154 162 153 190 158 174 170 182 206 191 175 164 150 169 156 
159 158 158 151 160 174 173 175 3623 11149 3705 179 176 170 178 172 
174 164 147 164 163 181 165 190 9195 16160 10266 222 158 177 158 166 
163 158 155 129 156 133 167 170 2584 10922 3940 186 177 176 156 137 
170 156 169 148 181 153 141 172 170 201 178 149 160 165 154 156 
152 177 182 165 153 197 174 161 165 180 170 170 156 165 158 165 
196 155 145 152 154 173 165 149 165 161 163 162 175 169 173 146 
176 136 192 164 161 147 159 153 148 174 155 134 170 172 174 146 
179 154 140 157 153 181 150 155 164 161 158 162 152 155 155 170 
178 161 147 147 153 140 150 167 151 151 149 175 184 145 176 168 
165 185 138 167 182 139 167 193 170 171 145 161 184 172 170 160 
