1020 1088 1114 1115 1178 1169 1249 1241 1345 1286 1250 1200 1222 1167 1160 1052 
1076 1123 1292 1280 1299 1338 1405 1414 1469 1494 1398 1437 1406 1332 1175 1113 
1165 1148 1247 1326 1364 1430 1566 1602 1723 1681 1735 1611 1487 1484 1339 1251 
1205 1313 1319 1435 1436 1497 1711 1960 1946 2083 1941 1820 1733 1567 1351 1262 
1141 1314 1325 1431 1563 1705 1984 2224 2660 2869 2664 2338 2009 1723 1519 1227 
1086 1238 1364 1390 1641 1790 2285 2964 4126 5036 4201 3067 2257 1788 1586 1376 
1196 1245 1356 1525 1641 2023 2625 3970 27465 74765 27994 4155 2635 2000 1681 1362 
1206 1300 1395 1491 1651 2036 2694 4741 62208 106216 70131 4878 2848 2086 1674 1417 
1175 1330 1441 1373 1665 2040 2610 3858 21299 72439 29452 4247 2633 2070 1575 1389 
1201 1213 1454 1444 1663 1882 2268 3037 4105 4783 4089 2937 2282 1811 1576 1350 
1183 1244 1402 1444 1533 1762 1929 2264 2576 2769 2713 2257 1935 1729 1471 1282 
1181 1218 1289 1307 1525 1627 1708 1920 1978 2038 1959 1825 1696 1558 1432 1245 
1128 1201 1312 1367 1399 1444 1551 1627 1689 1754 1593 1551 1531 1436 1380 1227 
1200 1178 1191 1237 1330 1358 1431 1444 1472 1473 1546 1394 1318 1352 1312 1148 
1096 1216 1178 1172 1184 1236 1339 1372 1351 1352 1350 1323 1313 1254 1220 1170 
1080 1076 1057 1137 1201 1153 1188 1238 1189 1243 1251 1180 1203 1135 1071 1024 
