158 157 164 148 144 177 152 175 2346 6940 2464 152 145 156 148 132 
160 164 162 149 131 151 163 189 4269 13109 6227 193 171 163 153 135 
158 121 142 151 153 169 150 165 584 1748 617 141 152 182 138 166 
180 156 161 160 168 166 174 183 181 163 154 164 169 152 145 169 
145 173 144 157 168 173 174 162 144 147 173 141 132 156 152 185 
151 146 159 147 157 142 148 146 158 167 161 161 158 140 161 157 
151 147 170 138 159 174 140 150 161 166 158 140 173 178 142 154 
176 151 150 169 156 168 170 168 158 138 150 174 150 161 142 140 
157 150 157 188 141 143 153 170 135 129 152 132 151 143 180 153 
149 172 161 154 150 161 160 149 133 167 139 154 152 136 142 152 
180 143 162 142 187 138 175 174 159 178 156 164 155 165 157 169 
177 155 150 165 141 130 144 163 140 170 149 148 183 155 143 162 
167 158 162 159 165 141 174 141 154 166 135 159 155 156 163 163 
164 172 181 168 153 146 158 173 149 138 160 173 173 171 162 177 
177 150 164 131 155 157 186 165 159 160 176 150 166 170 155 158 
199 165 175 153 158 197 182 184 188 172 152 164 175 188 174 162 
