995 1015 1060 1120 1206 1327 1492 1684 2076 2215 2092 1877 1491 1260 1242 1083 
976 1116 1113 1243 1343 1543 1737 2405 3256 4768 3568 2353 1819 1486 1272 1226 
1012 1107 1225 1268 1410 1644 2094 3124 20983 52283 19577 3176 2132 1598 1311 1243 
1029 1166 1179 1330 1369 1677 2132 3367 41896 95009 57104 3697 2262 1644 1448 1256 
1077 1148 1232 1318 1450 1565 2053 2840 7303 22335 10199 3130 2055 1645 1375 1246 
1042 1158 1231 1286 1360 1531 1792 2130 2814 3140 2893 2206 1853 1544 1376 1156 
1073 1168 1211 1218 1255 1312 1547 1777 1935 2121 2032 1807 1611 1471 1309 1183 
1095 1171 1218 1232 1194 1410 1534 1623 1670 1624 1648 1477 1463 1297 1246 1140 
1072 1134 1254 1133 1224 1311 1358 1367 1448 1438 1470 1442 1367 1301 1193 1078 
1098 1083 1141 1217 1273 1254 1280 1306 1360 1336 1302 1388 1223 1226 1172 1074 
1032 1185 1108 1229 1187 1172 1243 1284 1302 1313 1302 1219 1187 1255 1156 1075 
1019 1122 1155 1208 1163 1133 1219 1240 1214 1276 1172 1219 1154 1156 1134 1098 
944 1087 1167 1070 1191 1162 1179 1212 1215 1217 1229 1125 1147 1114 1142 1055 
1043 1163 1125 1090 1128 1126 1152 1197 1160 1160 1103 1217 1141 1085 1093 1025 
983 1115 1113 1154 1108 1100 1142 1092 1127 1086 1117 1113 1133 1045 1002 988 
992 1024 1035 1112 1036 1083 1033 1105 1049 1076 1063 1050 1006 1049 989 977 
