154 147 126 143 152 140 146 156 122 129 134 147 139 152 129 153 
146 159 137 123 128 127 131 144 156 136 156 166 134 120 146 130 
168 141 130 157 135 177 140 138 169 167 164 151 135 138 140 131 
140 158 131 128 140 148 174 126 171 211 188 164 153 139 126 128 
154 129 161 162 147 158 155 150 3245 8755 2685 171 150 149 143 131 
164 142 135 130 145 160 158 180 7514 14460 9270 186 157 133 159 164 
149 128 133 127 157 131 147 132 1108 6266 2787 166 148 158 176 122 
146 142 122 164 152 159 136 146 151 170 145 140 162 153 136 139 
160 150 148 146 138 132 143 140 150 135 139 154 162 120 138 144 
169 146 150 142 122 149 170 155 132 120 140 133 146 134 134 140 
166 148 148 134 143 109 124 146 124 143 115 147 153 159 143 151 
139 159 153 136 150 156 138 127 138 150 153 137 131 131 145 170 
140 144 136 134 146 125 155 132 149 127 175 142 142 155 144 135 
163 149 137 160 137 168 156 155 151 151 136 134 135 150 140 156 
136 146 152 155 140 150 154 142 142 138 123 150 138 155 147 142 
136 171 165 162 135 154 157 130 140 146 138 144 158 141 143 130 
