1068 1035 1189 1134 1214 1385 1430 1539 1716 1908 1749 1551 1489 1376 1254 1151 
1120 1166 1288 1416 1369 1619 1819 2090 2344 2502 2389 2060 1775 1512 1327 1179 
1142 1224 1186 1396 1567 1760 2152 2668 3635 4812 3874 2749 2112 1675 1434 1254 
1190 1230 1321 1468 1557 1855 2237 3609 25128 60753 22319 3669 2385 1729 1492 1264 
1207 1232 1367 1477 1523 1843 2362 3956 50678 104462 66306 4237 2474 1876 1550 1353 
1151 1239 1316 1392 1612 1787 2152 3242 8904 34067 15811 3555 2363 1813 1511 1310 
1243 1267 1295 1385 1542 1636 1877 2401 3114 3530 3332 2540 2019 1731 1507 1253 
1130 1253 1314 1410 1407 1515 1726 1972 2227 2272 2264 1965 1795 1587 1405 1221 
1164 1212 1216 1358 1363 1531 1556 1669 1819 1801 1764 1575 1587 1508 1352 1133 
1140 1235 1347 1341 1346 1398 1403 1491 1492 1564 1531 1479 1487 1392 1330 1191 
1167 1185 1206 1203 1370 1384 1289 1475 1383 1441 1396 1430 1355 1255 1210 1069 
1151 1186 1211 1271 1280 1280 1318 1351 1321 1323 1351 1386 1373 1183 1182 1195 
1113 1156 1198 1207 1227 1257 1287 1308 1323 1322 1208 1305 1237 1241 1157 1126 
1112 1156 1207 1271 1217 1254 1218 1206 1256 1265 1290 1228 1217 1223 1104 1105 
1026 1111 1107 1145 1151 1250 1211 1162 1254 1194 1160 1163 1198 1180 1116 1125 
1068 1087 1086 1055 1143 1132 1145 1108 1191 1090 1139 1118 1085 1119 1102 1021 
