1016 1126 1184 1212 1337 1574 1707 2271 3266 5093 3709 2258 1847 1483 1282 1143 
1056 1113 1255 1256 1471 1631 1939 3091 20535 51690 19803 3340 2091 1695 1415 1238 
1158 1222 1285 1400 1513 1725 2110 3341 37047 94976 52625 3547 2145 1731 1459 1187 
1154 1177 1256 1335 1509 1630 2033 2776 6722 17019 8158 2979 2039 1642 1436 1283 
1163 1208 1266 1399 1406 1597 1835 2172 2687 2998 2678 2147 1832 1589 1449 1205 
1101 1248 1202 1302 1408 1565 1612 1825 1940 2006 2023 1880 1708 1443 1397 1266 
1130 1219 1290 1327 1357 1410 1510 1641 1715 1660 1684 1596 1439 1409 1301 1218 
1137 1162 1201 1296 1382 1377 1466 1495 1513 1445 1477 1451 1408 1337 1243 1154 
1105 1177 1189 1291 1341 1360 1410 1411 1429 1427 1383 1374 1399 1243 1168 1206 
1144 1243 1182 1291 1282 1288 1334 1350 1353 1325 1267 1300 1305 1288 1192 1111 
1156 1221 1155 1263 1355 1212 1328 1238 1304 1323 1232 1253 1309 1207 1167 1123 
1095 1175 1177 1249 1226 1220 1237 1253 1310 1265 1234 1210 1237 1185 1229 1108 
1055 1164 1185 1277 1274 1223 1231 1229 1284 1244 1272 1276 1156 1186 1096 1080 
1089 1196 1177 1202 1206 1189 1195 1225 1285 1242 1201 1248 1238 1228 1117 1095 
1065 1117 1178 1182 1159 1202 1216 1114 1236 1187 1140 1118 1141 1173 1125 971 
1056 1026 1019 1069 1097 1160 1174 1160 1156 1150 1115 1075 1137 1078 1070 1075 
