156 160 179 141 159 146 152 189 173 164 187 159 137 168 168 176 
155 175 178 183 155 163 157 154 167 138 163 167 163 171 142 142 
201 157 169 164 161 147 156 156 139 153 164 159 172 167 156 158 
173 184 168 178 161 171 148 171 159 158 153 174 166 149 150 157 
153 149 161 175 148 155 159 167 157 161 146 184 153 143 142 178 
165 148 164 171 152 139 156 151 158 186 170 176 148 164 182 156 
160 185 128 155 189 159 173 149 180 206 192 192 178 168 177 169 
176 146 158 155 167 165 156 176 2699 10776 3822 165 176 164 142 154 
149 159 127 162 162 152 145 196 9251 15953 10408 205 173 145 155 167 
172 163 207 146 162 183 174 196 3620 11073 3584 188 140 146 156 149 
165 134 177 143 154 174 168 162 177 206 186 185 158 132 175 171 
158 155 141 162 182 143 130 178 183 169 180 170 150 163 154 164 
170 155 183 162 154 150 158 156 177 169 148 149 190 158 134 149 
154 183 165 162 173 145 144 140 167 174 150 179 172 182 169 175 
169 153 147 152 172 173 146 163 181 149 164 182 138 159 167 147 
183 166 184 182 156 150 166 162 158 159 170 185 154 161 159 162 
