1059 1064 1115 1076 1087 1155 1110 1147 1059 1079 1138 1101 1095 1066 1033 979 
1050 1158 1098 1182 1121 1118 1135 1166 1156 1174 1125 1154 1099 1186 1090 1067 
1078 1132 1113 1157 1177 1142 1201 1182 1198 1216 1142 1090 1156 1071 1168 1001 
1132 1160 1111 1202 1105 1232 1145 1258 1212 1179 1179 1134 1126 1112 1131 1035 
1085 1157 1183 1211 1210 1193 1231 1245 1195 1263 1231 1163 1207 1176 1112 1037 
1056 1167 1143 1194 1194 1228 1241 1227 1285 1204 1198 1220 1230 1246 1165 1076 
1134 1185 1224 1176 1241 1172 1208 1248 1260 1173 1257 1274 1237 1219 1129 1092 
1039 1099 1193 1235 1185 1202 1183 1249 1245 1205 1213 1193 1208 1158 1166 1093 
1085 1064 1172 1177 1205 1278 1272 1316 1244 1231 1224 1283 1272 1214 1179 1071 
1034 1149 1150 1193 1274 1265 1260 1346 1332 1325 1308 1240 1200 1182 1162 1023 
1194 1181 1138 1190 1247 1312 1331 1294 1313 1287 1356 1231 1193 1215 1201 1127 
1059 1173 1190 1281 1283 1291 1287 1405 1413 1369 1461 1347 1229 1200 1170 1130 
1097 1135 1192 1236 1310 1332 1367 1496 1664 1556 1568 1404 1420 1265 1211 1146 
1055 1198 1190 1156 1234 1387 1404 1648 1948 2182 2067 1651 1434 1373 1268 1122 
1006 1133 1139 1174 1271 1247 1528 1910 4711 10572 5206 1987 1585 1335 1191 1119 
980 1030 1091 1120 1204 1346 1477 1997 21202 68097 30786 2203 1563 1288 1134 1051 
