158 185 151 164 149 171 156 195 212 406 280 173 154 148 161 126 
171 161 154 138 158 150 149 186 2745 7804 2567 196 156 165 140 158 
164 179 181 166 168 164 180 180 5323 14830 8012 198 168 149 189 161 
152 136 144 174 158 172 150 165 611 2136 760 167 163 165 141 178 
155 172 142 161 143 175 153 171 164 178 159 164 198 155 160 149 
156 174 165 157 158 183 153 161 141 162 187 179 157 151 151 152 
169 161 165 162 154 149 157 162 174 132 142 168 154 168 169 148 
171 135 166 152 173 166 178 179 194 176 170 163 160 158 159 165 
146 156 146 145 172 173 158 173 184 155 145 164 167 157 145 168 
175 166 135 153 138 158 164 168 158 147 165 149 145 184 154 148 
175 158 162 159 158 162 166 169 158 160 150 152 171 149 168 139 
181 150 147 160 163 130 170 144 156 156 128 165 147 155 168 175 
168 147 160 179 181 161 149 137 142 165 158 189 165 157 144 153 
177 167 136 163 152 170 165 143 201 162 147 165 161 185 155 159 
179 166 205 166 168 163 154 143 165 146 150 165 169 157 169 137 
215 172 163 168 180 186 185 178 184 173 196 140 184 147 190 168 
