137 150 137 158 154 164 156 172 146 142 152 151 140 145 148 140 
163 182 165 142 162 140 149 154 138 143 155 187 169 144 145 159 
145 162 148 162 132 155 168 143 155 151 179 156 167 160 174 164 
179 143 154 125 150 148 157 143 152 173 154 174 175 135 161 151 
163 144 155 158 154 157 138 176 168 196 193 151 155 135 163 165 
131 170 163 164 139 166 151 171 3780 10194 3164 194 148 161 146 156 
163 147 154 169 166 168 172 190 8701 15928 10198 211 153 161 139 173 
148 165 137 142 164 183 162 178 1787 8788 3813 166 180 142 150 176 
185 158 141 163 169 147 163 171 170 196 199 157 169 134 141 149 
156 160 150 140 167 156 156 167 170 182 164 155 173 140 128 153 
198 123 137 160 167 138 149 166 156 169 159 168 171 163 136 187 
182 170 157 139 146 142 157 174 149 147 155 168 132 160 148 164 
176 158 167 167 138 147 159 175 152 159 152 177 152 138 154 149 
155 165 141 161 136 174 144 158 172 161 173 135 164 156 178 151 
182 164 134 143 166 148 185 147 162 149 158 162 160 136 174 164 
159 171 163 148 166 181 168 168 171 167 171 170 195 151 168 142 
