180 179 184 148 169 201 172 181 171 166 175 174 168 189 178 165 
158 190 146 198 144 174 149 169 169 172 148 167 147 174 148 171 
166 143 142 155 158 164 154 145 159 163 140 156 162 167 146 149 
164 178 139 161 139 160 154 146 155 160 152 161 169 158 141 184 
185 151 175 166 161 138 172 182 135 170 144 156 137 147 149 159 
187 175 165 144 165 137 139 164 144 134 154 142 168 156 173 169 
170 154 163 134 165 150 160 163 151 157 150 157 182 179 152 160 
158 149 160 166 129 147 130 151 136 154 133 142 152 133 153 170 
164 126 163 133 146 155 149 167 138 134 153 177 144 123 143 125 
123 177 141 151 148 151 154 140 170 152 137 157 159 149 155 125 
145 153 136 148 145 160 148 157 156 141 142 140 159 150 167 175 
149 180 143 151 136 140 132 172 146 168 160 133 131 147 162 156 
167 156 129 150 151 183 127 161 166 162 158 142 182 158 166 160 
170 156 166 151 145 158 132 192 146 187 191 146 167 157 174 154 
156 157 170 156 154 141 153 178 496 1377 534 150 149 156 145 159 
183 151 149 165 163 179 150 179 3268 11004 4713 171 137 169 145 159 
