200 206 180 149 156 172 142 169 169 175 177 176 158 189 146 180 
181 183 158 136 153 157 170 157 154 161 187 163 165 155 171 161 
170 176 192 158 166 163 186 170 185 167 155 161 156 183 170 172 
163 178 174 156 145 155 155 166 133 167 154 149 173 160 152 173 
160 155 150 159 152 164 185 171 146 138 189 173 170 155 147 164 
165 157 162 150 180 174 155 159 166 175 149 150 150 148 156 155 
185 169 156 177 149 173 167 157 153 145 164 151 144 146 165 178 
175 188 139 143 159 150 174 147 146 145 140 175 146 151 158 160 
167 170 134 144 156 149 161 154 161 159 144 157 148 143 136 148 
137 155 142 159 168 161 158 139 153 144 151 139 173 155 169 149 
164 176 167 156 156 149 139 170 199 157 144 174 171 165 128 160 
180 167 162 151 137 166 155 166 164 209 173 162 167 140 149 177 
166 146 167 177 163 167 172 168 560 2118 825 169 178 142 148 147 
157 144 159 153 170 160 178 159 5378 14671 8039 176 192 176 138 161 
140 158 152 149 132 175 156 159 2587 7725 2627 182 143 159 141 173 
166 154 158 172 160 154 155 194 237 488 285 201 169 142 150 139 
