964 963 1025 1013 1067 1107 1027 1005 1008 1073 1040 1020 1041 994 940 965 
970 1039 1068 1131 1130 1061 1107 1097 1168 1205 1149 1121 1010 1066 1038 1054 
1006 1032 1133 1171 1121 1142 1189 1195 1212 1191 1192 1186 1236 1134 1058 1069 
956 1122 1059 1231 1226 1282 1257 1312 1371 1324 1273 1252 1169 1188 1180 1080 
1087 1099 1178 1196 1342 1323 1341 1457 1481 1448 1544 1417 1300 1194 1237 1092 
1018 1072 1145 1280 1351 1406 1446 1658 1727 1817 1688 1613 1422 1400 1223 1182 
1103 1113 1216 1186 1325 1422 1683 1957 2206 2365 2183 2075 1682 1414 1261 1145 
1019 1145 1260 1255 1450 1627 1987 2602 3367 3990 3496 2673 2034 1646 1388 1207 
1059 1180 1304 1268 1418 1812 2271 3418 14578 55117 26224 3705 2374 1821 1434 1209 
1046 1081 1201 1328 1410 1847 2498 4000 54642 95204 62494 4260 2523 1814 1455 1223 
1015 1137 1201 1369 1441 1715 2312 3638 25978 62648 22781 3762 2413 1733 1397 1210 
1078 1146 1181 1245 1443 1651 1918 2687 3703 4313 3634 2644 2091 1694 1400 1184 
1009 1163 1188 1182 1413 1500 1646 2084 2359 2519 2369 1927 1676 1491 1360 1173 
982 1091 1182 1163 1294 1371 1412 1662 1698 1783 1684 1671 1501 1396 1254 1116 
980 992 1087 1154 1135 1175 1365 1378 1387 1496 1446 1407 1271 1246 1195 976 
956 1002 967 1064 1129 1061 1147 1134 1220 1217 1219 1183 1142 1121 982 951 
