170 169 186 187 154 195 160 163 162 177 162 135 203 187 179 181 
178 170 178 161 160 175 169 169 171 171 146 161 163 155 155 189 
158 175 173 175 179 158 167 168 164 165 164 142 165 174 157 163 
178 179 160 166 182 169 150 172 138 157 144 168 153 150 175 180 
189 139 144 166 139 179 165 148 164 139 145 134 164 146 152 160 
188 175 143 172 156 155 163 173 147 154 158 160 152 167 157 178 
161 148 158 142 148 167 162 163 158 195 156 183 171 165 155 159 
191 164 160 143 146 134 136 142 143 151 160 157 157 147 152 139 
148 159 131 168 161 143 152 146 150 148 181 161 168 158 167 142 
174 167 149 149 130 141 164 123 153 148 150 153 167 167 159 163 
139 139 124 146 170 155 156 178 163 167 160 148 141 157 157 151 
177 151 141 168 130 141 147 160 173 170 150 135 171 166 134 145 
164 130 175 146 149 176 183 168 186 181 159 152 127 133 156 163 
147 161 131 176 185 160 155 174 574 1672 596 153 161 148 158 168 
165 160 140 149 168 142 161 170 4245 12806 6326 161 162 134 153 156 
160 155 170 161 188 148 165 196 2474 7010 2536 178 180 176 154 168 
