144 160 121 146 133 155 128 159 165 135 150 167 145 135 162 151 
150 138 131 163 135 171 136 142 187 320 224 164 164 148 135 162 
133 121 138 142 121 147 152 163 2830 7696 2554 185 169 142 128 169 
163 169 142 145 141 152 167 155 6157 14774 8671 181 137 144 140 131 
144 162 169 168 131 145 134 161 606 2929 1042 183 178 138 146 154 
158 137 158 144 153 151 161 138 171 180 179 155 149 140 159 136 
172 161 157 146 119 146 142 147 148 165 155 148 155 134 151 139 
178 148 155 158 127 146 143 158 144 147 162 133 171 147 153 145 
169 159 165 136 153 137 158 161 150 186 137 169 150 162 156 162 
155 135 151 153 144 150 122 144 162 154 136 158 130 135 171 164 
137 131 135 153 166 124 132 177 151 127 141 131 158 166 151 145 
157 142 159 175 156 134 139 136 159 165 149 137 125 142 148 176 
152 145 146 164 173 147 155 147 152 145 159 158 145 138 174 173 
146 160 157 136 172 152 147 150 149 132 132 162 159 164 150 164 
157 176 160 167 151 144 143 162 152 140 164 139 169 144 152 140 
212 176 160 184 159 165 132 174 167 156 174 168 166 162 154 150 
