993 1031 1069 1120 1122 1212 1288 1321 1263 1304 1285 1298 1184 1236 1165 1037 
1123 1173 1197 1215 1244 1373 1424 1441 1578 1592 1529 1514 1444 1325 1242 1107 
1127 1196 1288 1299 1395 1435 1613 1766 1874 1937 1962 1775 1637 1494 1327 1220 
1234 1197 1278 1292 1439 1667 1834 2150 2465 2742 2502 2258 1935 1585 1463 1187 
1202 1184 1327 1439 1602 1716 2152 2938 4032 4732 3902 2792 2209 1767 1507 1349 
1109 1238 1401 1456 1625 1861 2496 3952 28277 68530 25161 4156 2578 1967 1634 1377 
1117 1244 1367 1511 1637 1999 2559 4413 59372 103669 68596 4740 2665 1988 1523 1422 
1155 1287 1319 1446 1565 1943 2537 3661 15638 59300 28424 3796 2491 1916 1616 1331 
1159 1228 1344 1502 1557 1816 2154 2753 3587 4296 3875 2763 2147 1778 1496 1284 
1103 1236 1279 1362 1542 1620 1934 2031 2505 2658 2534 2121 1904 1525 1417 1232 
1220 1120 1220 1301 1421 1497 1626 1788 1973 1877 1911 1849 1646 1487 1348 1231 
1092 1186 1232 1249 1416 1430 1540 1588 1594 1619 1627 1519 1472 1409 1288 1205 
1094 1187 1212 1251 1281 1352 1341 1452 1404 1476 1498 1424 1402 1277 1276 1092 
1029 1115 1160 1247 1216 1320 1314 1303 1348 1364 1364 1281 1281 1269 1237 1061 
1049 1104 1175 1227 1230 1264 1257 1240 1252 1277 1271 1231 1206 1172 1176 977 
993 1007 1011 1126 1081 1131 1099 1149 1153 1132 1163 1211 1203 1116 1017 1016 
