977 975 991 1044 1117 1172 1262 1353 1299 1393 1328 1224 1206 1184 1076 1053 
1048 1048 1188 1156 1282 1235 1392 1514 1640 1697 1695 1687 1402 1233 1237 1048 
1076 1046 1140 1223 1327 1511 1672 1895 2173 2428 2230 1959 1603 1432 1300 1116 
997 1163 1169 1308 1435 1530 1903 2522 3570 4271 3494 2527 1953 1575 1361 1229 
1062 1132 1269 1280 1479 1709 2185 3520 24653 58314 21113 3548 2311 1772 1456 1184 
1041 1185 1159 1274 1473 1774 2240 3786 51734 94846 61741 4112 2405 1720 1459 1277 
1059 1074 1201 1301 1471 1606 2185 3123 10849 43152 21446 3429 2274 1698 1505 1144 
1045 1146 1241 1311 1410 1596 1869 2381 2975 3543 3223 2376 2024 1549 1408 1174 
1114 1156 1152 1215 1364 1524 1597 1877 2002 2280 2161 1914 1645 1470 1317 1158 
1043 1118 1172 1219 1272 1375 1487 1650 1625 1692 1721 1639 1424 1324 1238 1087 
1046 1118 1165 1226 1249 1285 1338 1424 1422 1464 1460 1438 1328 1274 1212 1138 
1000 1098 1165 1205 1177 1229 1278 1267 1319 1394 1318 1306 1221 1273 1184 1041 
992 1034 1133 1161 1153 1191 1288 1238 1230 1192 1256 1286 1199 1177 1156 989 
997 1098 1078 1170 1103 1157 1146 1158 1150 1171 1136 1211 1159 1108 1125 1024 
906 1038 1074 1112 1057 1117 1069 1098 1202 1074 1106 1086 1114 1100 1063 941 
868 983 987 1055 1010 1097 1052 1010 1053 1016 995 1003 1049 975 956 945 
