1039 1107 1148 1084 1076 1181 1093 1113 1126 1181 1154 1142 1087 1114 1071 1016 
1011 1162 1161 1080 1182 1174 1164 1218 1174 1150 1247 1196 1149 1084 1096 1040 
1040 1119 1226 1140 1229 1226 1273 1261 1190 1297 1168 1246 1220 1280 1204 1151 
1140 1203 1167 1194 1236 1238 1251 1269 1238 1297 1270 1215 1211 1207 1131 1141 
1184 1161 1236 1256 1166 1217 1296 1326 1257 1231 1278 1250 1179 1224 1140 1104 
1087 1198 1255 1247 1268 1323 1245 1309 1374 1345 1302 1219 1274 1200 1105 1161 
1138 1301 1248 1276 1259 1365 1321 1278 1306 1341 1335 1234 1305 1271 1253 1209 
1207 1219 1207 1275 1310 1299 1354 1328 1423 1406 1398 1300 1388 1327 1265 1126 
1113 1226 1202 1271 1330 1408 1449 1391 1399 1551 1418 1356 1425 1268 1242 1191 
1048 1211 1286 1332 1399 1430 1440 1537 1622 1698 1607 1508 1443 1374 1307 1221 
1152 1251 1192 1343 1327 1528 1589 1832 2045 2072 1979 1802 1660 1506 1279 1235 
1141 1226 1286 1368 1438 1578 1818 2135 2673 3059 2751 2267 1873 1530 1363 1270 
1151 1174 1319 1428 1490 1578 1981 2754 6516 16940 8242 2861 2076 1652 1348 1257 
1159 1182 1347 1327 1477 1662 2168 3303 36779 94398 52386 3612 2215 1686 1362 1371 
1055 1156 1182 1275 1428 1636 2009 3068 20241 52222 20330 3150 2076 1550 1365 1270 
1042 1058 1178 1219 1255 1486 1720 2247 3268 5371 3856 2356 1753 1513 1224 1103 
