152 181 161 163 176 153 142 150 150 147 156 163 152 166 165 160 
164 164 153 138 165 158 141 150 142 147 137 122 117 169 151 162 
137 130 140 153 165 143 157 151 115 136 154 136 161 153 158 169 
148 164 163 159 140 145 154 147 141 173 151 139 138 136 121 153 
174 152 134 165 127 136 153 159 127 135 152 164 136 134 155 153 
143 153 126 156 144 156 129 152 167 145 120 130 137 145 159 164 
147 159 156 168 127 143 155 161 176 168 139 150 150 165 144 142 
162 137 124 166 157 155 150 149 144 156 174 154 152 149 151 153 
160 134 145 166 164 161 182 146 148 156 147 150 149 143 173 152 
188 161 137 153 147 151 145 138 167 181 152 148 174 147 147 136 
161 148 139 157 162 128 177 197 791 4631 1826 183 165 152 139 157 
160 146 157 141 170 164 194 193 7158 14980 9402 186 181 144 159 135 
179 136 135 137 139 149 161 165 3106 8464 2514 194 140 179 149 170 
159 144 146 152 142 139 137 154 192 239 200 147 143 160 135 146 
142 133 164 147 144 153 136 137 158 158 145 145 137 155 163 155 
168 161 127 146 135 154 131 184 154 177 155 169 150 131 156 160 
