163 147 148 153 150 138 154 149 179 150 160 131 171 138 149 170 
149 157 154 134 162 144 140 147 148 143 134 148 151 147 145 160 
144 125 158 119 167 169 135 155 137 168 157 132 175 152 158 127 
148 160 157 149 138 118 126 164 138 149 132 138 155 157 139 143 
174 168 149 173 146 143 163 129 135 127 150 131 139 144 167 170 
155 141 140 146 149 147 126 142 163 162 143 152 128 139 147 148 
155 148 143 136 128 144 163 126 130 158 170 143 144 151 170 145 
154 162 138 126 153 145 164 163 153 160 167 135 148 147 118 151 
131 151 142 143 157 179 151 161 153 167 169 140 155 145 160 152 
134 167 135 145 140 152 159 157 1157 6369 2851 162 150 150 152 128 
156 120 120 149 118 125 161 183 7835 14949 9701 169 160 147 137 157 
130 147 147 157 146 145 159 143 3357 8989 2728 164 166 152 136 171 
159 151 147 133 135 163 153 157 184 236 173 161 133 145 145 129 
169 155 157 124 148 159 172 144 174 167 145 155 170 128 157 136 
154 135 144 140 135 134 138 151 137 133 141 151 147 144 143 149 
151 165 137 146 134 146 140 148 151 153 145 155 135 171 172 156 
