968 1031 1070 1071 1090 1119 1133 1073 1058 1137 1074 1062 1075 1042 1015 1015 
986 1073 1113 1111 1157 1164 1141 1186 1097 1105 1222 1113 1110 1220 1085 1070 
1071 1078 1185 1137 1156 1176 1241 1189 1238 1221 1243 1147 1166 1218 1100 1037 
1052 1135 1175 1230 1246 1257 1325 1259 1259 1246 1264 1261 1224 1193 1181 1019 
1070 1099 1237 1159 1250 1179 1330 1291 1304 1224 1219 1213 1267 1179 1152 1131 
1105 1157 1264 1289 1332 1255 1275 1330 1310 1322 1376 1267 1250 1233 1201 1105 
1103 1058 1177 1270 1238 1376 1351 1375 1314 1399 1391 1371 1314 1205 1120 1143 
1077 1180 1262 1272 1279 1392 1365 1449 1388 1574 1530 1376 1328 1310 1224 1185 
1158 1212 1242 1348 1390 1376 1537 1484 1668 1651 1684 1606 1491 1468 1303 1147 
1122 1190 1230 1297 1394 1554 1742 1789 1960 1996 2031 1853 1698 1391 1368 1225 
1107 1136 1228 1375 1481 1637 1842 2222 2802 3191 2782 2269 1874 1611 1393 1204 
1112 1197 1298 1306 1475 1629 2116 2899 7635 23133 10371 3060 2092 1672 1399 1298 
1077 1181 1298 1353 1534 1793 2215 3499 42778 97797 58811 3814 2318 1770 1402 1195 
1137 1153 1212 1320 1513 1700 2107 3308 21764 54377 20301 3383 2187 1744 1471 1170 
1054 1106 1150 1267 1372 1540 1805 2459 3366 4848 3825 2481 1892 1526 1292 1130 
1049 1031 1080 1163 1260 1368 1513 1833 2003 2250 2137 1847 1520 1383 1241 1109 
