175 150 153 172 165 170 159 165 138 165 163 159 169 179 157 163 
179 153 161 185 147 168 176 155 157 161 158 172 192 171 141 163 
148 157 166 158 157 181 177 172 181 325 207 166 158 168 155 162 
175 153 134 182 162 169 195 206 3326 9166 2919 179 191 141 137 148 
169 165 164 160 146 170 165 176 7368 16101 10193 198 192 196 170 148 
168 151 147 147 152 151 171 202 774 4808 1897 201 170 162 143 166 
164 163 164 145 180 188 145 169 181 200 189 157 161 167 163 163 
154 155 150 181 163 141 166 143 170 156 186 158 147 173 185 181 
178 137 154 161 163 169 152 135 186 158 159 130 161 150 149 153 
180 152 152 150 154 160 155 173 156 158 148 158 158 163 165 146 
191 144 142 153 166 181 139 137 162 151 140 163 163 146 141 148 
178 138 160 140 176 149 140 168 156 145 134 151 162 147 154 188 
175 153 163 155 174 164 156 167 182 173 143 163 147 177 140 145 
181 145 194 164 143 155 164 166 155 191 181 156 135 152 148 162 
170 151 162 146 175 150 155 158 161 158 159 153 154 164 161 171 
172 182 166 162 181 177 184 160 171 169 183 158 174 170 167 196 
