1042 1041 1155 1131 1083 1138 1114 1065 1078 1133 1158 1050 1091 1055 1002 1083 
1072 1151 1112 1153 1211 1215 1176 1170 1192 1172 1159 1217 1143 1080 1111 1068 
1068 1172 1192 1222 1194 1170 1253 1139 1206 1205 1148 1179 1198 1118 1144 1084 
1128 1137 1150 1211 1259 1259 1244 1214 1224 1253 1150 1246 1184 1141 1228 1044 
1104 1175 1190 1232 1224 1259 1284 1233 1230 1253 1295 1211 1254 1198 1154 1042 
1224 1207 1232 1251 1266 1274 1235 1249 1242 1243 1338 1213 1226 1282 1253 1139 
1099 1174 1183 1250 1218 1271 1333 1336 1271 1268 1270 1302 1186 1274 1219 1095 
1069 1181 1234 1263 1226 1281 1224 1323 1330 1292 1277 1341 1237 1213 1184 1077 
1106 1149 1129 1264 1287 1275 1359 1353 1369 1348 1345 1325 1296 1241 1173 1119 
1110 1161 1213 1223 1331 1366 1333 1340 1449 1435 1428 1473 1312 1257 1247 1175 
1149 1196 1179 1280 1332 1356 1410 1459 1630 1646 1596 1507 1351 1348 1284 1153 
1123 1203 1298 1381 1295 1429 1427 1678 1810 1857 1847 1676 1498 1402 1273 1135 
1147 1200 1308 1298 1351 1503 1683 2044 2488 2621 2558 2052 1699 1471 1359 1177 
1109 1186 1214 1302 1389 1573 1822 2421 5870 13509 6618 2543 1898 1560 1346 1193 
1077 1208 1184 1245 1379 1588 2006 2887 29462 82986 42451 3041 1987 1593 1345 1218 
1025 1083 1186 1214 1294 1522 1752 2649 17570 46971 18533 2804 1907 1439 1254 1083 
