947 989 999 1064 1083 1110 1077 1107 1080 1110 1073 959 1038 955 931 957 
1012 1066 1089 1135 1121 1183 1117 1161 1153 1089 1098 1114 1170 1090 1027 960 
999 1031 1114 1093 1132 1209 1140 1210 1150 1250 1166 1175 1135 1101 1086 1006 
1023 1184 1191 1137 1238 1198 1275 1324 1294 1237 1202 1307 1237 1184 1136 1042 
1009 1154 1190 1217 1318 1239 1248 1292 1322 1276 1365 1313 1240 1215 1168 1113 
1063 1118 1178 1209 1233 1352 1389 1364 1592 1513 1427 1487 1373 1275 1179 1096 
1026 1195 1167 1250 1236 1407 1603 1654 1650 1760 1696 1636 1463 1426 1252 1178 
1008 1113 1188 1230 1354 1491 1635 1938 2229 2283 2150 1948 1751 1543 1365 1197 
1025 1173 1220 1298 1456 1677 1966 2472 3080 3697 3324 2528 1987 1632 1456 1261 
1069 1189 1212 1296 1541 1751 2270 3316 11122 43994 21859 3537 2307 1792 1481 1190 
1099 1148 1214 1362 1464 1745 2338 3809 51971 97518 63501 4273 2422 1740 1473 1239 
1081 1169 1267 1367 1575 1715 2199 3506 25117 59793 21653 3594 2332 1732 1399 1268 
1040 1193 1314 1325 1413 1607 1954 2540 3508 4470 3676 2520 1946 1638 1431 1157 
1081 1149 1160 1151 1391 1535 1652 1947 2297 2437 2305 1994 1658 1424 1325 1185 
958 1143 1195 1175 1216 1340 1537 1597 1715 1812 1750 1635 1479 1277 1127 1133 
945 1039 1066 1115 1095 1217 1238 1348 1403 1426 1352 1333 1305 1145 1141 1018 
