1018 1034 1116 1105 1145 1145 1185 1232 1220 1200 1312 1190 1107 1143 1076 1086 
1036 1126 1164 1221 1215 1395 1329 1321 1325 1366 1365 1306 1266 1283 1196 1082 
1149 1207 1242 1325 1237 1305 1421 1397 1369 1439 1458 1490 1368 1360 1273 1155 
1120 1223 1312 1281 1341 1479 1486 1539 1667 1719 1632 1706 1505 1385 1345 1166 
1143 1290 1300 1380 1405 1601 1734 1898 2051 2008 1977 1851 1713 1539 1352 1249 
1119 1259 1369 1441 1577 1713 1947 2248 2611 2826 2661 2299 1862 1692 1479 1233 
1192 1314 1289 1511 1669 1830 2279 2931 3975 4926 4134 3078 2325 1860 1604 1276 
1223 1291 1329 1511 1692 1944 2520 3825 21502 72284 29040 4243 2604 1922 1637 1391 
1132 1299 1353 1537 1731 2052 2736 4552 62553 106149 70447 5073 2810 1991 1586 1301 
1240 1284 1430 1474 1768 2024 2590 4071 27704 73592 27901 4214 2631 1945 1574 1334 
1191 1240 1399 1396 1659 1879 2237 2921 4043 4875 4085 3077 2228 1811 1542 1381 
1112 1303 1298 1420 1499 1746 1922 2367 2744 2923 2703 2236 2010 1757 1430 1300 
1174 1238 1334 1329 1467 1555 1700 1917 2082 2069 2021 1862 1752 1573 1380 1184 
1095 1194 1220 1268 1377 1464 1525 1601 1639 1736 1557 1525 1563 1420 1367 1175 
1147 1154 1147 1248 1363 1361 1380 1487 1484 1471 1446 1451 1308 1301 1235 1098 
1077 1077 1054 1184 1153 1202 1194 1271 1285 1202 1227 1270 1156 1165 1148 1054 
