144 149 149 173 163 140 139 132 139 159 158 143 145 152 146 152 
141 167 143 142 127 148 144 128 161 148 159 126 131 134 127 157 
141 142 149 137 121 144 144 154 145 130 132 158 146 148 152 152 
141 154 129 171 164 150 134 149 156 144 143 141 150 133 120 149 
163 128 156 148 139 151 131 129 151 140 146 146 126 113 159 154 
162 129 152 149 153 141 140 161 148 152 112 154 112 147 141 146 
140 149 140 141 161 141 154 150 150 144 129 161 142 152 135 148 
138 124 137 130 146 156 142 167 178 152 174 141 159 143 169 145 
166 147 143 136 152 138 151 188 1642 8192 3573 164 148 164 162 141 
145 140 134 135 113 166 145 171 8120 14307 9348 182 163 125 155 154 
165 145 123 154 133 116 146 156 3566 9448 2901 209 153 133 147 156 
171 151 147 154 149 156 113 160 164 158 183 156 153 140 158 141 
161 152 168 126 139 142 153 144 144 151 157 127 154 142 140 165 
141 131 155 148 150 135 145 147 172 174 140 152 141 154 153 129 
143 129 146 147 163 142 169 141 133 139 126 157 117 140 155 149 
162 144 149 141 158 164 146 141 139 161 155 135 139 149 139 127 
