174 170 170 181 162 181 188 183 154 172 141 141 161 165 154 171 
173 163 151 174 161 146 162 131 130 144 183 167 139 159 141 175 
152 175 173 159 138 150 182 156 167 154 148 169 141 156 161 162 
180 150 159 185 145 149 179 180 165 142 159 144 132 149 166 158 
186 129 135 159 158 156 177 187 143 139 161 167 147 143 157 195 
178 167 184 169 154 160 160 169 161 160 165 157 148 150 151 142 
155 144 140 150 138 166 171 146 142 124 164 152 142 143 139 138 
133 141 153 155 164 164 162 150 150 171 155 146 141 153 134 144 
184 169 173 156 177 146 161 150 156 168 173 174 152 160 134 160 
173 153 155 162 157 176 185 162 171 133 155 165 169 149 149 166 
163 159 159 172 159 147 142 161 183 184 167 152 161 164 159 167 
174 176 165 139 140 138 149 150 628 3013 1108 195 146 174 177 154 
142 156 161 135 149 160 162 191 6348 15174 8743 191 143 150 140 143 
156 161 149 142 156 140 157 166 2878 8212 2640 191 151 175 135 139 
145 152 136 150 166 144 159 149 188 308 238 181 168 125 148 151 
163 150 174 185 158 172 158 173 173 173 162 158 147 148 165 163 
