975 1062 1040 1074 1135 1287 1477 2115 22317 69594 31312 2309 1561 1299 1136 1019 
966 1105 1088 1175 1166 1340 1514 1990 4957 11121 5369 2066 1558 1340 1205 1108 
1049 1112 1098 1182 1294 1311 1459 1687 2009 2212 1963 1720 1469 1302 1260 1079 
1017 1135 1173 1246 1264 1345 1435 1467 1632 1591 1548 1463 1390 1254 1334 1064 
1096 1136 1185 1210 1272 1284 1244 1339 1393 1402 1419 1420 1241 1229 1214 1077 
1092 1166 1176 1172 1305 1246 1266 1279 1342 1382 1300 1323 1321 1241 1171 1048 
1106 1157 1218 1215 1178 1261 1247 1252 1244 1270 1256 1286 1229 1208 1165 1104 
1094 1169 1150 1202 1239 1284 1320 1199 1280 1290 1354 1276 1252 1263 1117 1131 
1024 1160 1201 1167 1283 1205 1251 1262 1295 1221 1246 1251 1224 1159 1138 1043 
1102 1118 1188 1220 1224 1243 1272 1197 1182 1235 1160 1245 1182 1192 1144 1053 
1111 1122 1190 1189 1204 1260 1245 1240 1180 1184 1244 1210 1143 1126 1124 1016 
1065 1135 1162 1173 1197 1243 1186 1185 1200 1188 1216 1248 1120 1154 1071 1129 
1044 1153 1137 1169 1224 1199 1228 1206 1203 1194 1202 1166 1160 1107 1175 1054 
1039 1156 1137 1134 1140 1168 1235 1167 1192 1182 1237 1169 1138 1076 1061 1057 
1004 1056 1084 1145 1121 1106 1089 1138 1208 1081 1125 1077 1140 1147 1115 1038 
1091 1020 1059 1122 1089 1102 1109 1102 1168 1147 1105 1065 1051 1072 1034 994 
