135 155 143 153 148 142 156 182 3395 11166 4783 176 151 164 152 140 
171 146 152 148 143 148 174 163 525 1521 564 158 159 155 142 151 
160 141 160 163 169 136 185 199 176 188 150 164 161 144 160 148 
122 145 151 171 127 164 184 187 165 129 160 161 171 139 148 129 
184 147 162 158 152 149 145 151 151 147 154 164 130 155 148 154 
175 172 142 155 150 175 152 131 150 169 166 179 143 156 162 159 
183 160 153 149 144 152 141 148 156 163 154 144 150 162 159 177 
182 134 159 162 162 137 140 159 154 160 155 170 147 156 138 168 
163 154 155 169 165 164 139 147 150 146 138 146 137 170 152 148 
158 155 164 156 168 155 136 154 144 157 144 153 152 175 167 172 
165 151 175 153 179 170 151 163 148 149 142 178 149 144 134 153 
164 158 146 177 135 159 149 155 155 150 142 170 143 157 124 187 
165 180 145 159 152 148 155 156 139 149 155 170 131 139 191 159 
142 184 163 175 152 173 161 175 156 161 181 153 172 130 152 151 
162 148 173 187 160 166 177 162 183 143 160 169 165 149 150 178 
183 152 170 172 185 200 161 171 185 200 162 169 178 173 168 169 
