1044 1074 1122 1160 1255 1477 1733 2575 17168 45908 18094 2775 1801 1477 1262 1058 
1090 1145 1193 1239 1368 1446 1916 2925 29660 83611 42235 3078 1979 1609 1329 1197 
1083 1078 1172 1299 1352 1640 1729 2467 6004 13723 6700 2447 1946 1512 1324 1221 
1073 1143 1299 1385 1406 1578 1676 1995 2511 2815 2340 2003 1712 1491 1265 1222 
1020 1230 1218 1316 1443 1412 1518 1665 1816 1821 1777 1632 1619 1394 1247 1236 
1088 1269 1245 1274 1318 1379 1400 1447 1512 1625 1586 1490 1412 1270 1232 1139 
1099 1150 1271 1247 1291 1326 1413 1399 1365 1396 1410 1385 1325 1263 1211 1129 
1160 1170 1178 1278 1261 1332 1369 1306 1391 1342 1383 1334 1219 1270 1215 1130 
1096 1185 1192 1265 1218 1282 1294 1327 1323 1244 1360 1265 1234 1215 1151 1055 
1112 1111 1191 1206 1236 1230 1253 1328 1294 1300 1312 1268 1295 1193 1117 1026 
1120 1114 1223 1230 1199 1280 1244 1258 1301 1280 1327 1289 1306 1189 1219 1117 
1074 1175 1190 1262 1248 1195 1220 1215 1209 1198 1209 1140 1218 1186 1111 1015 
1080 1125 1200 1178 1197 1116 1198 1203 1232 1201 1189 1193 1180 1139 1156 1064 
986 1151 1195 1228 1178 1126 1186 1274 1198 1197 1178 1211 1236 1133 1236 1100 
990 1105 1190 1105 1160 1134 1133 1167 1144 1205 1209 1155 1116 1148 1035 1043 
1045 1055 1068 1129 1098 1133 1095 1092 1115 1125 1090 1162 1140 1131 1087 1007 
