6715 7004 7204 7024 6326 6285 6544 6743 7247 6881 6651 6195 6357 6847 7203 7090 
6733 7730 7618 7471 6471 5913 6603 6731 7007 6812 6756 6080 5919 7179 7804 7695 
6561 6001 5819 6083 7084 7043 6609 7051 7975 7217 6588 6845 7058 6352 5932 5918 
6248 4997 4928 5241 7143 7882 6511 7393 8297 7732 6533 7369 7502 5615 5015 4994 
6443 4877 5014 5347 7153 7808 6541 7355 8277 7593 6299 7405 7533 5721 5050 4906 
6656 5549 5573 5968 6888 7366 6708 7041 8080 7460 6614 7088 7073 6125 5541 5629 
6747 7322 7462 7244 6458 6165 6556 6764 7161 6880 6589 6272 6397 6998 7452 7402 
6689 7433 7659 7463 6375 6157 6569 6765 7166 6761 6782 6170 6236 7210 7555 7629 
6475 6465 6486 6488 6591 6733 6830 6945 7718 6958 6804 6809 6612 6593 6433 6343 
6242 6829 6758 6617 6075 5805 6311 6513 7157 6696 6194 5983 5939 6509 6778 6690 
5965 6402 6510 6346 5455 5199 5767 5940 6835 6196 5997 5325 5201 6200 6469 6583 
6429 6877 6716 6692 6216 6226 6247 6477 7172 6888 6312 6112 6078 6498 6953 6488 
6690 6479 6696 6523 6604 6641 6806 6745 7580 7023 6725 6651 6788 6474 6524 6463 
6786 7690 7867 7350 6297 5926 6650 6532 6898 6852 6858 6161 6021 7208 7772 7823 
6804 7293 7358 7007 6478 6230 6504 6792 7172 6849 6518 6353 6216 6969 7157 7108 
6341 5466 5327 5832 7065 7564 6609 7183 8039 7651 6750 7176 7390 6076 5420 5490 