108 117 95 115 89 125 106 90 116 100 133 108 92 102 123 106 128 115 116 133 113 119 110 116 128 125 127 113 109 135 107 112 112 131 104 119 96 97 105 113 128 99 116 105 121 100 111 110 105 108 114 110 112 116 103 121 112 121 102 118 110 117 99 106 111 103 117 96 127 125 110 105 99 125 125 101 124 110 127 121 131 127 108 125 121 111 120 124 124 103 118 131 126 106 110 121 108 117 113 98 123 130 118 95 118 109 136 127 105 113 106 128 114 116 97 116 126 115 113 111 129 110 103 116 110 122 107 98 
121 111 117 114 121 127 131 94 100 100 116 132 125 104 137 101 121 122 126 98 104 129 126 115 123 103 102 115 114 133 121 122 111 94 98 123 103 115 116 114 93 115 118 123 142 102 93 109 113 127 121 101 101 92 128 114 114 103 105 119 114 118 116 149 118 121 126 128 127 143 109 124 128 134 115 119 127 129 116 109 104 112 112 130 99 110 120 121 96 111 109 117 143 113 113 94 119 119 155 98 109 125 118 116 114 110 108 101 110 121 108 127 109 113 108 131 128 106 117 121 112 122 121 118 105 119 140 107 
127 134 115 132 121 106 106 129 126 128 121 112 113 104 107 119 102 110 104 111 129 109 117 116 111 131 112 131 115 113 117 102 138 115 112 125 101 129 119 122 111 108 117 129 114 112 125 112 109 111 120 131 125 129 99 119 131 125 123 132 119 120 127 130 118 113 131 112 124 132 131 108 137 116 116 106 119 119 123 111 122 120 130 130 112 111 107 110 117 108 120 113 113 123 90 116 116 118 105 117 131 118 99 112 100 122 111 108 117 110 126 107 121 126 131 114 113 111 121 121 121 124 125 116 146 119 107 104 
146 130 130 120 109 102 139 146 144 140 133 135 125 127 124 114 121 145 117 112 124 103 109 140 118 110 135 135 121 126 127 140 121 100 117 133 125 117 114 104 129 102 106 119 122 116 112 123 132 117 120 108 124 116 128 121 104 136 106 123 126 143 102 129 119 121 113 125 108 117 115 136 125 126 119 116 112 106 121 113 131 138 123 107 127 137 122 113 127 103 137 120 133 127 131 121 104 113 124 124 98 117 124 110 118 124 112 126 133 121 123 123 122 125 131 122 130 118 114 122 116 134 100 133 129 120 130 114 
120 127 123 120 120 147 117 118 116 100 105 120 129 114 106 125 117 112 113 131 139 129 125 111 115 107 116 133 125 123 126 123 119 139 113 132 88 113 114 125 126 106 112 117 98 114 118 106 117 142 115 121 150 136 114 114 105 135 103 133 147 130 120 117 119 128 132 127 134 103 128 111 123 116 114 135 136 121 115 113 121 115 103 137 135 118 110 120 117 129 118 110 101 113 144 107 110 121 140 114 106 112 115 138 111 117 105 119 144 136 129 127 147 140 141 111 136 107 135 118 126 139 122 110 134 126 117 122 
116 123 105 117 138 130 132 118 115 133 116 125 120 120 129 116 129 112 118 128 122 139 140 121 96 127 109 125 131 142 116 106 137 102 128 119 117 147 101 114 115 110 110 93 122 113 105 128 130 91 110 110 124 98 132 110 124 109 110 117 105 120 110 108 113 102 133 130 123 122 104 106 120 108 111 98 116 124 107 106 110 136 112 137 122 114 113 109 108 127 125 120 130 143 117 116 127 107 140 94 115 128 113 118 97 104 125 113 124 115 103 143 100 126 124 122 116 109 127 117 132 108 133 132 134 111 150 131 
122 137 115 112 103 145 145 129 117 115 132 138 130 142 140 126 126 121 121 132 121 120 118 136 114 137 118 143 134 139 105 122 120 123 123 135 108 95 112 95 113 102 105 140 118 126 112 130 123 102 109 133 122 126 120 107 134 133 141 100 117 141 108 113 102 117 116 115 130 144 125 116 125 107 145 133 98 119 125 103 121 121 129 119 125 125 120 129 137 136 113 105 129 116 129 118 101 132 96 115 129 112 115 112 112 129 130 125 115 112 128 110 113 121 130 134 128 105 117 125 99 127 113 132 133 124 114 117 
107 117 96 114 115 132 117 98 131 122 128 126 133 137 134 118 119 136 133 142 136 137 139 159 126 130 127 122 113 115 137 132 106 134 147 120 108 130 130 107 106 74 107 118 111 100 98 104 135 129 114 136 102 118 112 141 120 124 131 112 124 117 91 118 114 98 138 129 111 115 99 131 123 130 123 113 125 110 116 135 131 127 122 115 129 115 103 113 127 119 106 119 91 103 94 107 109 115 122 111 111 112 121 109 142 119 124 107 122 139 115 124 119 127 136 141 117 150 119 123 123 141 112 143 131 112 108 118 
132 114 126 147 111 134 112 138 104 131 132 110 141 123 122 126 127 122 123 133 142 138 124 133 116 129 139 144 134 116 132 124 130 132 113 121 89 96 121 115 87 122 95 103 103 117 104 123 118 125 132 120 116 96 111 118 120 108 114 109 111 123 136 129 121 130 120 121 117 96 123 118 116 135 115 104 116 121 108 107 113 115 125 126 130 112 98 118 121 107 135 115 128 114 122 113 95 131 118 107 99 117 111 102 116 117 134 126 140 132 144 140 149 130 122 137 115 130 146 131 122 119 132 153 145 131 141 141 
132 117 139 107 120 136 126 120 134 131 127 136 130 108 103 130 126 133 121 123 110 108 143 136 132 149 121 137 131 121 116 115 135 125 110 112 113 155 100 119 109 127 87 114 100 112 122 111 97 130 126 112 107 138 104 114 121 119 111 127 117 118 134 117 116 107 122 117 160 95 115 114 134 127 119 157 114 128 143 103 127 131 118 103 142 117 144 116 133 122 121 124 118 124 112 112 102 97 97 101 119 109 103 128 122 128 131 126 144 126 115 125 111 130 132 102 125 137 133 115 127 128 152 136 134 112 143 131 
135 110 110 127 123 102 127 142 141 115 145 141 144 115 110 114 160 126 156 142 141 144 130 129 121 145 121 138 132 148 128 137 145 119 96 116 111 120 118 122 114 113 113 100 116 106 114 116 102 118 116 120 122 114 129 116 113 117 128 125 142 130 97 133 116 126 129 107 137 121 130 127 121 133 134 113 120 108 125 144 120 136 120 113 99 119 120 130 116 113 103 113 109 114 117 125 117 113 109 107 118 101 117 119 129 122 144 119 98 155 119 103 125 141 119 112 136 109 117 124 114 119 116 126 141 130 127 128 
127 121 100 136 121 139 116 137 128 111 130 107 135 138 131 125 128 130 115 137 122 137 120 122 118 98 126 116 108 116 123 147 127 119 133 123 112 97 132 115 117 112 119 124 121 128 121 113 121 112 124 132 127 108 122 112 116 110 126 119 115 111 122 111 121 129 135 111 127 134 131 115 125 99 113 131 125 114 123 119 134 127 131 118 126 116 145 117 119 129 127 110 120 121 134 95 117 135 97 135 111 112 121 98 107 98 127 94 148 115 135 138 109 148 138 121 121 115 134 123 147 134 126 135 131 115 119 133 
142 96 112 120 121 123 109 140 138 113 116 124 129 121 125 106 119 117 134 124 137 103 147 125 103 158 113 133 138 129 129 128 115 114 123 127 108 100 103 104 134 118 121 116 106 122 110 132 136 113 122 121 118 116 109 105 115 115 133 114 127 120 108 121 101 105 111 128 139 150 133 130 119 121 113 142 116 115 111 129 127 108 113 121 141 137 110 102 117 117 137 108 135 110 117 133 117 107 121 105 124 112 120 123 142 137 125 128 122 94 105 133 101 113 121 139 112 147 120 110 139 120 127 136 109 129 137 111 
103 126 106 125 115 110 125 108 126 134 114 111 101 128 113 124 128 117 130 127 124 144 150 112 114 123 109 115 127 116 108 105 108 147 146 105 130 117 112 100 101 110 110 115 112 101 121 122 121 124 129 120 118 121 115 100 117 108 117 117 127 106 127 116 112 148 125 141 120 129 133 118 132 123 124 118 115 117 127 105 105 111 126 132 134 148 114 124 121 117 124 133 101 104 109 121 116 113 129 118 112 122 107 100 119 106 135 117 137 133 132 119 121 111 130 142 116 118 128 113 105 119 119 130 127 116 132 123 
137 123 106 132 114 121 109 117 102 145 110 114 128 140 129 117 124 118 119 112 117 123 110 118 129 124 104 138 117 115 123 112 123 133 136 124 119 116 118 121 135 115 109 100 107 120 133 117 109 119 125 120 125 124 113 141 118 120 104 107 120 112 130 116 124 131 104 119 115 137 127 122 100 124 117 116 123 118 115 120 129 110 115 119 117 108 117 131 122 131 136 132 108 122 111 107 120 127 102 129 114 139 124 128 122 118 102 114 109 115 125 110 134 116 108 116 118 118 115 96 143 125 125 127 100 110 116 142 
119 112 117 133 109 120 129 99 132 110 121 113 112 126 115 123 127 125 131 123 135 120 120 121 103 112 110 126 120 118 109 94 124 127 118 116 125 109 138 127 103 123 109 141 106 107 136 106 122 109 118 120 117 115 105 115 118 108 104 130 122 90 135 123 99 116 127 120 146 131 104 114 145 111 133 116 125 107 129 132 124 112 119 106 126 129 126 114 148 120 118 115 95 118 145 109 117 121 93 110 133 137 133 133 109 111 126 98 107 115 145 119 141 138 130 127 121 108 127 116 101 135 124 114 128 111 99 130 
129 92 95 118 113 115 138 103 104 129 110 134 108 121 139 114 114 135 122 108 130 126 116 100 112 143 135 116 111 126 118 113 130 114 116 125 106 112 121 123 111 116 141 105 119 105 119 111 118 131 113 133 136 137 129 121 123 129 133 113 114 117 131 110 124 117 131 140 109 116 101 142 116 115 131 119 126 121 117 96 123 118 98 111 127 131 108 97 117 123 123 117 109 108 125 108 102 129 130 111 128 132 118 135 116 134 124 116 122 120 126 113 118 122 117 128 125 118 110 117 119 114 136 137 112 121 107 105 
122 102 122 121 124 115 126 122 123 103 136 107 98 115 129 94 116 118 120 93 107 112 127 119 124 129 125 122 115 122 125 103 140 127 128 107 119 132 114 132 109 123 126 119 142 132 131 122 100 138 125 117 117 117 112 131 121 106 100 111 116 118 121 114 117 112 111 134 120 147 118 142 114 114 125 136 138 129 136 121 118 117 130 113 108 151 121 116 122 134 123 131 130 113 110 130 140 150 112 113 110 132 116 108 128 119 117 116 101 107 122 116 127 118 107 93 105 111 126 127 105 106 119 97 121 134 102 128 
137 131 114 122 109 139 108 139 120 113 116 118 109 115 98 112 116 114 130 107 127 119 111 118 127 122 140 129 101 110 108 117 129 115 113 94 102 114 129 113 141 140 103 107 118 125 125 114 124 99 122 107 109 126 143 114 134 112 127 119 133 140 133 121 115 110 120 114 116 130 128 116 140 127 120 105 101 108 107 135 121 111 111 126 117 112 127 88 121 117 105 108 131 126 119 112 122 143 128 123 115 119 127 103 134 141 116 114 106 117 101 117 127 102 120 111 106 131 134 117 113 114 98 113 113 116 127 113 
142 103 129 114 126 104 126 101 109 130 107 113 109 114 122 99 121 93 117 103 112 124 123 123 99 109 120 143 118 116 118 119 128 127 127 112 133 104 107 103 121 140 133 101 104 106 95 125 131 126 119 110 125 92 119 116 125 133 133 119 118 135 130 132 110 136 127 124 135 133 124 101 122 140 117 117 121 117 144 124 121 123 122 127 110 109 118 114 118 123 124 115 122 123 122 118 112 129 120 119 126 115 120 127 100 129 130 107 119 116 112 105 97 135 120 104 120 118 135 121 92 135 91 114 119 124 105 128 
152 114 118 119 112 121 130 134 108 117 105 144 111 123 104 115 115 122 109 115 131 120 105 108 126 126 142 119 132 120 121 123 131 120 112 119 101 124 125 109 125 135 125 135 115 109 118 122 140 102 121 118 116 112 108 85 145 116 114 123 118 124 117 121 131 115 134 127 115 105 119 125 121 112 118 118 128 116 123 112 114 140 125 120 136 133 94 139 131 120 110 118 134 118 115 122 144 109 121 124 128 113 105 132 103 115 108 133 106 112 111 113 99 119 111 109 116 130 111 96 99 128 111 109 113 125 120 91 
107 121 118 115 108 121 104 113 131 119 113 116 121 103 97 126 123 92 125 98 120 99 116 126 106 116 111 93 118 113 102 151 133 79 111 99 133 122 117 121 124 125 118 140 125 123 105 120 103 127 90 118 110 126 127 98 139 114 128 119 108 129 140 137 116 107 116 117 133 112 120 133 109 129 138 125 128 116 112 103 113 112 126 113 128 127 135 127 116 113 110 128 112 120 126 104 130 148 119 127 124 104 109 130 121 130 114 117 101 107 101 105 117 132 118 107 105 114 104 115 104 111 103 110 107 120 117 122 
125 110 119 114 127 130 122 118 140 103 115 123 126 102 122 130 115 123 112 121 114 135 96 105 129 103 121 86 108 127 118 107 91 112 136 112 113 118 130 108 139 130 120 138 137 113 130 131 132 115 113 125 121 114 113 108 110 118 111 137 126 131 121 148 155 117 113 153 132 137 140 134 145 130 129 138 112 124 118 109 129 113 113 133 131 120 106 128 120 111 117 129 130 133 116 127 129 102 104 116 128 129 110 126 111 134 111 117 110 120 107 97 113 121 104 109 110 127 120 122 132 104 105 99 103 128 96 106 
133 114 122 129 113 123 117 95 111 117 103 131 120 116 116 114 111 124 133 112 101 94 110 118 100 106 111 109 115 107 130 120 112 113 122 121 121 120 129 108 123 120 133 114 141 118 108 118 126 112 131 132 138 108 128 100 119 114 106 120 132 149 122 124 112 146 112 136 134 124 130 103 128 127 123 116 117 141 116 115 130 123 110 124 114 157 100 119 122 123 103 110 118 138 144 117 126 109 128 123 120 120 108 113 101 110 116 106 96 121 139 122 129 100 119 109 110 104 110 108 101 104 97 107 111 103 114 99 
143 100 116 118 104 108 118 112 112 122 107 88 132 115 109 114 120 113 115 98 127 120 131 113 110 106 117 93 117 108 139 95 129 131 127 136 125 108 114 121 127 132 134 108 133 125 135 115 118 125 111 123 131 120 119 107 118 117 121 111 114 131 117 145 144 146 137 143 132 121 119 114 136 136 122 132 128 120 127 146 111 116 101 118 129 120 132 141 96 110 130 106 111 116 130 119 123 137 126 136 123 124 133 126 108 126 121 108 129 120 107 113 107 118 102 101 114 97 113 124 112 112 104 105 116 110 104 112 
142 121 127 135 126 140 113 126 128 95 114 105 119 102 102 97 112 102 99 95 110 101 115 113 101 94 126 106 131 114 107 125 141 105 107 109 139 113 108 137 116 140 128 135 111 144 135 108 139 131 120 117 126 109 109 133 102 126 119 114 116 111 128 121 127 147 132 150 111 121 148 137 127 135 118 130 126 132 121 113 142 132 138 106 112 111 109 112 114 117 120 113 136 134 122 123 118 127 137 135 134 141 117 111 112 118 125 102 101 118 118 125 107 131 121 92 102 108 103 115 95 113 108 97 122 101 110 113 
133 111 123 90 105 101 116 102 113 106 116 104 108 117 113 93 116 93 109 108 112 101 111 104 130 115 107 98 116 120 112 97 119 104 109 116 110 128 124 111 134 110 126 128 120 134 143 116 141 122 110 131 106 126 109 116 122 137 121 137 131 114 129 140 123 112 137 127 117 132 126 123 127 122 132 131 131 136 112 113 125 126 112 132 109 126 113 145 93 128 126 101 137 128 138 124 153 113 119 130 121 122 129 120 114 104 113 113 109 113 117 126 91 106 102 87 82 96 109 117 105 117 123 118 111 110 110 117 
151 119 131 110 130 104 106 100 121 96 99 105 100 88 100 122 127 113 119 120 109 98 133 122 126 105 128 130 127 105 129 119 143 140 126 132 106 118 120 126 121 146 141 127 120 122 130 123 124 118 112 120 96 121 108 126 134 117 111 132 120 122 127 119 122 113 129 145 114 133 143 126 137 134 110 128 124 130 124 118 127 121 123 117 103 121 114 117 146 105 113 98 126 117 144 116 132 122 129 140 140 135 123 130 119 105 123 98 125 97 111 100 109 97 106 119 117 123 92 96 121 121 94 100 121 100 109 117 
136 100 133 125 104 109 121 116 100 109 87 114 106 122 103 106 116 118 123 105 113 117 96 100 84 107 104 106 143 134 122 132 134 120 104 123 122 128 154 119 135 134 131 121 128 136 124 101 105 108 107 102 134 108 114 134 120 118 120 113 134 117 119 135 153 115 136 130 125 125 137 127 145 134 136 131 125 147 127 120 132 95 133 139 119 120 113 137 118 143 99 136 113 128 122 122 128 147 121 141 118 137 127 124 124 97 132 121 121 119 91 117 100 110 122 98 112 110 122 105 115 115 125 121 118 97 120 100 
145 106 127 112 110 138 113 105 96 100 121 103 90 106 121 111 107 125 112 111 132 96 111 105 109 105 128 122 110 105 117 117 115 121 119 126 122 134 123 133 125 127 131 127 127 127 125 109 123 111 112 121 112 120 122 114 102 127 128 94 133 143 118 119 138 127 130 134 119 124 115 125 148 165 118 107 135 123 120 120 104 114 132 117 113 110 125 117 137 128 130 150 135 135 129 138 139 125 128 91 137 130 111 111 104 120 100 109 114 112 124 106 92 106 112 92 77 90 111 103 107 116 127 103 110 107 118 109 
125 129 104 106 110 114 112 102 105 76 128 95 107 107 106 90 119 118 103 100 95 121 90 93 119 121 90 124 95 121 130 112 111 113 111 116 137 124 128 119 130 116 128 121 141 129 125 124 130 111 115 105 126 126 114 120 101 125 127 112 124 131 132 138 121 132 136 119 150 132 129 118 140 126 127 128 124 114 127 126 123 125 131 105 124 103 112 127 126 142 116 125 128 137 119 146 111 113 144 114 106 138 112 134 128 120 101 107 107 108 89 81 96 117 115 121 114 104 114 121 92 102 94 106 103 106 105 106 
140 113 108 114 140 132 124 121 117 101 112 121 123 99 109 118 93 99 95 91 108 113 98 128 95 120 117 123 126 101 95 94 119 113 126 129 130 130 127 134 120 116 134 129 106 131 144 137 105 113 125 113 118 119 103 115 123 108 113 123 132 120 128 123 121 131 108 138 133 117 116 107 148 129 121 140 130 136 118 117 125 112 100 118 129 123 111 119 102 147 122 115 122 143 128 124 115 129 136 118 120 118 114 116 122 130 126 110 100 98 105 99 119 107 106 134 88 104 112 108 121 117 98 117 103 114 106 83 
135 121 109 120 131 124 115 127 119 107 106 92 99 82 112 117 104 97 117 119 92 109 109 101 109 124 115 109 121 97 123 110 122 113 102 119 105 120 128 120 93 106 124 123 117 113 117 138 127 117 121 116 103 121 119 111 110 139 126 120 122 111 121 107 109 124 143 128 126 130 113 113 117 126 126 137 122 134 137 123 116 116 114 122 128 113 127 134 110 103 115 131 125 117 136 122 122 139 126 137 116 133 139 120 108 97 132 116 128 89 122 90 112 115 113 124 99 103 116 109 85 109 102 120 104 92 108 96 
126 126 105 134 126 116 117 110 136 109 123 103 130 112 95 118 117 109 116 109 99 111 104 101 124 104 105 124 98 107 103 107 126 125 95 148 113 127 118 120 116 129 120 160 127 96 109 146 104 128 127 105 114 135 128 136 120 133 113 140 126 110 127 115 117 125 124 138 123 142 131 129 134 124 139 117 143 117 145 120 112 122 118 116 116 113 105 140 111 122 130 126 128 134 119 139 137 123 123 119 138 132 116 136 104 100 121 104 116 86 104 129 104 125 120 106 93 108 127 109 116 98 102 95 102 96 107 118 
125 122 111 102 116 114 113 114 111 109 106 101 116 103 109 113 99 125 119 119 91 112 89 126 112 127 106 100 126 106 78 115 112 109 131 124 113 117 131 141 131 128 126 128 138 113 132 123 110 114 124 106 120 117 123 113 110 120 112 103 135 121 120 122 102 127 128 149 127 120 113 115 128 143 128 123 130 120 120 111 131 123 109 101 109 135 111 112 127 117 112 128 125 126 126 141 131 122 115 115 130 120 131 123 118 114 125 123 126 110 107 119 103 119 113 110 111 93 113 91 102 112 109 106 113 105 115 101 
119 132 120 140 141 110 117 110 102 115 95 90 101 113 111 122 102 109 118 97 103 113 114 126 106 110 100 102 99 126 124 130 113 120 113 123 115 123 124 106 126 118 147 125 128 129 138 139 107 124 110 119 114 134 95 100 122 131 113 122 121 110 119 117 131 136 109 128 117 120 150 114 119 133 120 131 159 142 129 137 126 124 118 130 117 105 124 121 120 136 144 125 138 142 126 132 132 149 136 130 119 132 112 111 115 135 105 114 117 112 97 115 118 108 93 110 99 135 112 101 113 113 132 100 130 121 112 100 
154 109 131 134 110 102 99 128 125 100 109 128 95 104 97 119 105 109 131 116 107 92 128 106 127 112 119 108 112 107 113 129 124 117 130 114 117 118 134 131 143 116 116 141 110 131 111 113 124 111 119 99 106 111 112 123 110 108 118 136 123 130 133 149 146 136 127 154 133 138 127 155 138 133 130 122 111 119 127 107 121 124 134 118 133 109 115 136 128 130 119 137 126 134 118 125 122 131 110 113 114 121 121 123 121 128 100 108 133 113 123 114 95 92 120 131 114 114 101 107 121 112 114 104 102 100 120 111 
139 107 102 93 117 113 115 100 102 95 125 92 126 113 127 119 129 125 133 113 116 110 100 96 108 92 99 108 105 119 113 120 117 111 124 112 123 144 113 122 125 118 116 112 120 134 110 119 131 144 113 143 122 125 98 120 116 120 122 146 129 122 150 124 123 136 120 129 125 139 109 139 140 124 119 126 146 121 119 138 120 93 118 146 141 114 125 108 138 132 141 126 114 129 153 109 117 148 131 138 135 120 115 115 111 117 126 124 102 122 108 99 97 100 114 121 102 85 119 114 102 113 113 96 112 109 111 110 
138 127 112 121 107 103 107 104 118 110 104 107 116 113 110 98 100 115 122 99 129 105 109 89 120 98 102 110 104 128 112 120 130 118 156 131 114 111 136 132 130 121 148 125 143 135 126 116 149 125 141 124 100 118 123 119 112 129 114 141 116 122 137 120 140 130 115 115 122 126 140 142 108 116 132 129 126 125 115 125 132 109 151 113 121 113 118 132 136 125 126 117 109 124 136 157 100 130 115 149 111 107 120 128 100 124 101 133 103 107 105 99 113 115 103 121 124 103 118 97 106 118 124 117 102 99 112 87 
142 119 118 122 142 127 117 103 114 120 109 99 103 88 87 90 110 112 113 121 110 100 114 102 124 112 126 111 136 122 108 121 120 122 121 127 107 122 135 130 136 119 135 135 133 116 99 116 112 134 130 122 113 116 141 125 122 135 114 141 117 129 122 132 134 137 138 114 126 136 136 130 116 131 145 125 140 126 125 116 115 113 133 133 111 122 119 114 111 106 119 129 120 133 124 136 121 108 124 138 151 107 120 128 119 117 115 123 130 113 109 97 123 100 106 108 137 125 102 110 112 92 110 92 128 102 107 115 
128 96 129 104 118 102 93 104 117 92 120 115 114 97 102 111 108 104 104 105 109 87 101 89 113 105 96 112 97 120 120 111 107 107 114 119 109 134 112 132 133 118 123 129 134 126 97 126 116 110 124 118 146 104 122 96 100 119 113 100 119 133 104 132 117 151 125 156 122 120 115 132 138 116 146 117 139 130 111 117 100 111 122 116 109 136 139 104 116 133 122 143 144 110 124 143 137 117 146 125 107 119 134 117 126 101 108 135 114 125 102 111 92 114 113 114 103 109 100 103 100 112 103 91 126 116 95 103 
142 107 124 105 103 119 121 114 110 118 108 100 118 113 96 126 101 107 118 125 101 98 124 111 132 103 133 102 110 122 122 120 127 106 133 126 119 114 127 136 130 118 132 122 121 121 145 122 108 122 109 123 112 107 129 130 141 97 123 125 123 115 124 104 128 122 134 112 151 137 122 145 127 128 118 125 153 136 115 111 110 111 112 148 125 129 108 116 112 116 101 119 139 140 116 124 111 118 115 112 137 119 103 140 98 110 129 125 107 119 133 96 99 120 100 124 114 117 112 115 138 118 109 109 102 116 96 102 
125 100 113 113 118 114 112 116 118 117 126 126 104 100 117 116 121 107 114 111 105 129 108 99 106 135 101 100 107 115 113 99 104 112 129 119 142 111 122 113 113 133 139 121 146 123 122 133 126 111 131 122 105 122 112 114 110 114 119 122 131 125 116 156 135 126 140 134 132 145 149 144 136 129 132 125 108 120 113 109 130 125 126 125 117 102 132 117 120 133 102 120 122 122 124 132 127 112 116 147 123 124 114 105 113 126 123 104 119 100 117 117 100 113 113 105 102 117 128 112 117 114 107 102 107 105 115 91 
126 129 123 128 137 115 90 109 118 109 125 95 99 114 109 127 109 106 114 104 99 117 112 113 131 107 119 113 110 122 122 134 122 117 127 130 115 107 96 119 131 124 122 108 111 128 133 105 125 118 107 134 130 130 121 123 102 112 123 139 118 120 132 137 149 106 113 128 150 132 129 125 120 114 124 111 134 125 117 143 136 125 119 109 126 126 111 116 93 128 103 128 129 114 129 127 120 125 126 120 123 140 114 119 120 124 115 128 124 108 104 99 119 145 109 100 105 108 108 125 104 117 134 131 123 100 98 111 
130 145 105 106 119 113 114 103 101 105 101 117 129 119 120 139 100 111 106 109 110 108 126 108 125 117 103 101 98 129 117 127 115 151 130 111 138 127 113 114 132 144 128 121 120 110 122 115 128 104 113 134 114 114 141 113 123 114 124 126 122 139 141 133 128 133 120 127 122 129 126 146 135 117 133 124 108 120 123 99 146 123 106 111 134 107 110 131 118 122 153 112 118 115 102 116 134 124 121 120 115 112 122 107 120 113 105 103 131 89 125 108 113 119 122 113 101 108 103 111 113 117 136 118 109 101 126 90 
156 112 128 132 108 114 115 101 113 121 126 113 116 99 105 122 101 99 111 130 110 88 121 99 110 110 97 115 123 126 112 101 112 132 115 125 133 118 127 128 138 108 139 121 130 120 126 117 127 111 110 126 119 105 120 96 115 128 104 106 105 117 104 134 113 120 105 145 122 168 116 123 138 116 131 132 122 118 121 119 133 113 125 135 131 127 132 117 125 133 120 147 113 127 120 118 138 127 134 137 130 130 119 121 108 140 94 106 122 133 117 112 126 127 107 125 121 105 105 99 106 91 100 98 140 122 112 103 
150 115 117 137 122 125 121 122 115 133 123 109 133 103 113 119 139 118 119 134 103 118 109 106 134 102 120 129 121 121 123 123 126 140 88 110 123 107 129 109 123 130 112 116 125 117 126 109 121 118 128 104 123 116 113 129 116 120 111 102 131 122 107 127 113 102 106 126 138 141 102 120 125 124 129 105 133 117 126 120 126 103 114 117 123 127 128 117 112 133 130 110 117 127 122 114 138 125 118 133 126 125 107 119 118 122 129 102 110 110 110 99 103 109 121 115 114 118 98 109 109 138 111 99 127 106 108 101 
123 101 121 128 128 109 131 112 123 122 123 102 119 111 111 116 109 101 97 99 108 104 120 133 110 117 118 127 114 124 111 126 109 107 122 124 124 114 124 132 103 108 127 134 129 119 117 115 111 136 96 136 111 117 101 107 135 124 123 143 129 119 113 135 116 106 137 141 127 134 125 126 147 125 122 138 131 117 134 134 107 113 126 107 124 136 129 115 121 118 118 120 99 126 126 113 120 129 114 121 121 116 113 119 106 123 124 124 131 109 119 103 110 105 117 113 109 112 119 112 115 114 110 134 124 102 127 94 
163 128 114 130 126 139 131 111 110 116 110 110 144 126 117 111 127 115 124 118 99 101 138 129 127 109 137 127 122 129 113 119 104 117 111 117 112 126 114 122 115 100 132 134 133 121 121 138 108 130 137 147 124 121 102 105 123 125 116 112 119 130 121 119 114 120 114 115 113 144 126 123 149 139 140 115 119 152 102 118 120 100 134 111 115 113 98 125 127 133 118 130 114 124 113 116 117 131 117 126 114 114 102 114 108 116 122 126 116 113 115 107 117 115 127 136 115 112 115 145 121 120 109 110 115 119 108 115 
127 98 118 105 103 130 121 134 144 130 133 132 117 137 119 113 107 128 122 120 113 134 123 101 129 102 134 135 119 111 120 113 124 123 96 105 128 122 107 123 125 124 112 99 109 129 111 129 104 126 121 129 116 113 128 122 127 127 103 123 125 120 139 151 116 120 125 135 108 118 146 122 123 99 115 123 126 113 127 122 120 119 111 120 146 110 120 133 118 139 121 119 136 120 128 121 118 108 103 115 112 115 139 125 108 97 124 110 126 114 126 142 134 145 143 133 118 126 115 110 124 133 112 97 126 106 105 118 
124 120 112 119 118 121 115 116 125 118 128 89 117 124 120 104 129 121 133 114 125 119 122 131 141 113 133 122 136 115 129 109 122 129 119 112 108 118 130 106 111 113 100 133 101 103 113 106 109 127 113 143 127 125 98 135 115 127 131 126 119 130 121 123 127 122 115 112 140 129 112 114 102 128 118 124 128 125 131 115 113 113 104 120 126 126 91 109 135 118 109 126 107 123 111 116 121 132 119 116 112 124 108 120 141 114 104 130 111 110 112 127 110 138 147 122 124 128 142 133 119 107 117 126 123 143 111 124 
116 112 114 117 108 123 119 117 128 139 126 127 123 129 122 128 124 123 120 113 144 128 126 99 144 127 114 144 116 125 91 125 138 104 109 95 124 108 115 111 112 138 107 121 113 109 136 104 118 134 118 116 127 119 109 109 112 125 103 121 118 111 129 110 111 129 132 149 127 113 101 108 122 132 117 123 118 134 123 121 123 97 102 131 122 108 120 114 110 108 121 107 107 106 109 118 99 115 101 117 107 106 115 137 142 110 120 116 134 148 135 113 137 128 117 115 134 120 119 138 141 133 118 126 130 105 144 138 
129 117 126 138 130 116 135 129 130 123 129 130 115 141 127 108 109 149 134 129 130 137 124 141 128 136 130 134 139 136 114 140 122 120 111 115 112 106 110 119 121 117 119 123 119 120 117 115 115 126 129 117 113 124 127 115 126 117 130 98 137 127 128 103 145 122 124 146 125 124 108 114 123 127 130 145 111 124 113 121 113 129 112 130 128 118 131 120 123 121 128 101 107 128 121 103 105 126 107 128 118 105 102 117 113 102 113 120 136 129 141 123 138 121 151 140 120 137 122 127 123 135 126 144 129 118 95 110 
131 130 113 114 122 118 106 149 114 134 132 121 112 106 123 122 134 131 122 134 139 102 133 136 147 132 128 133 138 133 114 135 131 112 125 112 117 108 122 110 128 126 114 105 111 115 98 111 113 134 134 119 127 131 124 128 128 123 136 134 114 109 109 122 124 130 134 116 121 140 126 124 116 109 123 150 126 116 132 98 132 115 119 126 115 122 108 119 116 118 111 126 128 135 97 113 103 111 119 131 127 111 134 112 92 144 154 128 127 115 129 129 128 127 136 120 138 156 110 120 130 102 121 119 133 125 130 117 
117 118 111 110 117 127 131 119 131 114 129 134 124 130 127 127 124 110 136 118 141 151 138 137 104 127 115 141 127 144 130 116 115 108 124 114 112 110 93 123 103 104 104 87 103 119 122 111 132 121 130 133 112 112 107 115 106 100 120 116 132 108 136 125 122 134 120 105 108 97 116 114 125 125 122 120 113 124 139 110 130 103 103 114 134 116 124 120 115 116 109 118 108 131 129 117 104 118 97 109 117 118 116 124 103 117 119 124 114 111 116 117 131 127 130 142 120 134 135 132 137 139 149 140 140 138 121 151 
135 92 118 103 120 124 111 123 152 129 126 106 102 140 138 144 149 118 145 131 147 113 138 136 134 145 138 131 128 131 113 126 117 110 132 115 110 124 122 103 106 124 114 95 104 96 118 109 119 129 105 116 117 146 114 98 121 107 126 104 115 124 94 114 111 107 123 119 126 140 121 117 126 115 114 132 103 112 96 112 116 135 133 122 136 100 158 139 115 119 114 127 113 110 111 114 91 120 111 112 105 113 125 113 136 124 118 133 128 117 109 133 129 127 139 123 107 147 117 128 127 126 129 108 108 141 111 110 
126 126 107 127 128 128 128 120 147 131 110 125 150 123 130 118 136 133 136 114 135 119 126 132 119 132 119 133 131 131 136 108 125 116 117 101 111 121 117 106 123 104 103 112 119 107 105 112 129 124 116 108 144 136 110 128 144 131 120 125 115 107 109 103 136 114 107 100 102 117 129 127 125 125 107 116 131 101 124 105 151 108 101 125 112 108 119 137 107 126 117 123 101 109 122 108 128 111 105 104 124 108 109 130 101 126 124 120 137 132 113 118 127 139 131 122 128 141 127 100 150 164 120 141 129 142 118 118 
151 123 101 128 117 126 123 132 125 126 118 149 133 106 127 121 135 119 128 131 137 130 143 134 135 125 120 126 114 109 132 105 151 118 118 133 120 126 110 124 112 121 115 129 116 108 108 132 112 126 103 113 120 122 147 111 133 116 99 100 145 132 127 130 130 109 122 136 122 111 115 122 123 128 104 109 124 137 124 110 129 124 130 132 109 128 108 124 114 102 99 114 133 125 123 97 113 114 112 111 131 94 97 120 146 126 121 118 120 115 145 96 134 134 129 127 115 122 123 130 120 127 128 133 132 121 144 130 
136 116 97 125 125 115 132 109 137 123 147 120 121 147 149 120 132 121 147 130 122 109 128 132 122 114 134 120 142 117 122 111 124 121 129 129 115 114 123 122 121 108 119 107 129 106 117 130 110 117 128 121 118 116 109 112 115 110 115 124 95 130 120 120 133 124 117 102 108 138 158 128 127 101 136 130 134 120 109 134 123 110 117 112 124 111 106 113 114 116 122 118 109 111 112 105 93 108 97 137 147 118 120 113 121 151 119 123 134 127 150 134 116 124 123 119 119 131 133 97 135 120 124 130 128 120 120 129 
114 113 116 129 127 131 128 130 118 124 115 140 117 130 118 134 130 128 127 128 122 135 128 110 119 126 125 129 125 129 113 128 127 113 132 124 123 108 117 133 118 113 95 117 114 115 142 124 138 119 119 114 143 107 121 119 102 120 142 137 108 103 114 138 125 138 106 127 124 137 114 130 132 135 123 107 135 125 129 113 112 127 122 106 128 120 128 125 115 121 99 121 103 120 126 110 105 105 100 119 111 117 127 122 124 138 133 136 100 117 113 129 120 126 141 127 127 112 137 125 127 120 121 119 119 137 134 137 
129 120 112 127 122 129 126 124 115 137 126 139 142 110 113 99 151 133 125 132 130 128 112 121 120 120 124 153 127 117 120 103 120 121 130 108 125 117 110 106 107 122 106 118 123 97 104 112 115 107 132 136 100 108 139 120 144 108 113 118 120 119 149 121 136 128 139 137 126 123 134 128 127 90 120 117 113 107 118 117 112 125 134 100 111 83 129 106 121 136 123 116 127 125 111 112 108 116 113 105 126 116 120 129 123 134 126 122 102 133 120 123 139 104 105 138 137 124 112 127 129 125 116 139 143 119 140 99 
133 120 103 123 113 129 126 130 127 123 106 101 133 117 122 115 120 135 140 105 124 114 126 106 135 132 125 126 115 126 127 119 120 134 127 118 115 114 114 106 109 111 105 95 101 110 134 129 145 117 125 125 133 134 130 117 108 131 112 111 117 109 132 119 112 144 115 119 131 128 128 124 135 123 116 123 107 105 125 134 124 122 130 109 139 109 108 101 118 109 144 116 122 120 125 122 135 126 108 107 109 114 128 122 114 107 127 117 119 133 118 143 124 129 136 116 121 127 116 132 123 122 130 141 135 123 122 117 
160 111 110 109 121 122 110 119 126 105 106 122 132 107 118 111 117 136 125 120 122 119 137 136 124 106 130 136 121 131 117 120 128 119 121 109 123 114 137 147 116 120 133 114 116 110 118 104 110 127 93 137 127 108 118 109 122 121 115 125 141 110 120 110 121 131 141 135 110 131 125 120 143 130 134 113 136 114 124 105 125 121 121 111 124 111 105 122 113 106 122 112 118 112 113 99 108 128 118 104 116 100 110 121 126 125 109 113 122 128 94 116 122 131 120 134 125 119 108 114 106 128 145 106 120 96 116 102 
146 97 115 122 107 131 128 116 112 109 103 109 99 119 114 118 127 124 125 133 123 132 110 139 109 121 117 124 138 127 133 122 132 119 114 140 107 128 119 126 126 127 122 125 105 112 118 118 135 110 96 115 128 137 130 136 95 115 109 106 113 117 119 123 131 146 122 135 133 138 111 119 122 123 131 118 125 127 117 119 130 119 136 131 121 134 103 109 114 132 124 124 110 110 118 115 109 130 95 126 122 123 133 108 129 105 118 129 149 136 118 117 122 139 126 161 138 112 130 103 102 146 100 124 118 98 119 99 
114 105 95 117 128 116 111 115 109 109 104 122 112 123 123 89 103 125 125 120 116 126 122 131 133 126 111 118 117 128 106 116 119 122 108 120 123 122 104 125 105 124 142 133 114 118 114 132 109 109 130 112 111 115 120 115 119 121 109 132 101 127 109 126 146 135 131 119 111 130 146 128 124 131 134 135 122 125 120 123 116 121 130 109 116 123 113 120 104 133 120 111 138 118 100 127 100 109 110 140 135 114 106 109 119 111 109 105 124 135 125 129 131 110 112 136 130 112 111 138 119 120 132 132 120 105 134 111 
118 116 113 105 112 127 106 135 124 112 114 103 103 117 124 111 108 125 122 129 123 127 116 133 108 98 110 138 108 111 125 132 116 112 116 104 123 122 99 137 109 126 104 113 121 111 133 123 106 109 127 129 101 111 103 122 110 117 116 119 127 125 132 133 135 128 129 140 116 134 125 130 116 141 112 111 124 131 113 130 123 124 107 133 121 123 120 127 131 127 116 132 120 108 135 101 102 118 113 132 126 118 115 127 134 121 125 145 115 118 127 113 95 102 131 115 103 112 121 110 112 108 124 127 95 117 124 122 
140 106 114 112 138 100 133 127 131 122 121 113 119 101 112 118 138 129 112 101 122 124 126 107 128 129 104 117 129 110 110 115 119 130 116 106 110 119 117 125 118 114 117 127 109 100 127 119 117 115 126 142 143 114 123 157 102 130 108 128 132 123 136 115 141 125 107 156 127 130 148 126 126 150 111 114 127 140 110 123 130 152 114 114 129 106 124 127 106 122 127 114 119 108 106 124 114 115 110 121 128 101 139 109 120 97 126 101 124 113 116 126 104 103 100 103 112 119 109 116 112 116 113 124 111 144 125 116 
124 134 127 129 108 123 112 116 122 116 132 117 118 122 117 100 110 126 143 109 130 115 121 115 105 100 110 119 119 140 138 117 117 115 121 103 113 124 117 109 129 122 120 116 127 113 136 121 120 127 99 135 129 117 98 97 124 108 147 137 110 129 121 103 126 130 125 101 127 119 140 100 135 138 122 125 143 98 129 124 130 114 121 126 104 117 112 131 124 112 106 91 129 139 122 110 127 97 118 127 124 120 122 110 134 123 103 118 101 102 121 148 100 104 117 133 132 114 128 120 135 105 115 117 115 139 125 98 
119 101 122 107 115 112 122 127 126 124 111 123 103 124 118 120 122 105 140 134 112 142 112 109 117 103 121 114 115 146 130 107 99 117 100 125 122 133 100 138 118 117 112 101 123 118 122 100 112 113 133 96 121 120 130 117 97 121 121 111 110 133 139 118 118 128 126 115 129 117 125 110 99 115 115 122 129 105 115 111 133 126 127 120 120 117 143 101 103 142 101 121 125 111 133 118 143 114 99 118 107 121 103 114 124 126 112 112 115 142 123 125 134 120 107 121 114 125 140 119 125 133 112 123 106 112 125 139 
118 113 129 115 113 80 94 126 117 102 130 123 119 123 139 125 114 113 138 117 124 101 118 124 112 127 116 131 121 102 104 102 110 131 130 110 117 120 126 108 108 121 104 125 133 111 101 115 124 124 103 124 101 118 123 134 145 109 123 109 119 124 115 125 151 122 116 124 124 128 128 115 136 118 122 122 121 103 115 112 133 107 125 126 136 109 129 124 128 111 124 126 128 140 119 128 132 115 123 109 133 109 117 122 127 113 145 126 118 126 120 100 130 122 138 126 130 110 121 125 110 116 119 101 118 122 131 120 
123 120 131 103 121 129 133 120 111 127 94 124 98 113 116 132 107 109 126 100 139 125 106 113 123 113 128 115 141 124 130 124 120 108 105 128 95 123 126 107 120 99 121 119 134 120 115 117 122 119 122 103 122 130 125 114 130 117 118 127 120 121 131 120 133 131 129 126 105 132 137 136 131 115 105 119 119 118 127 126 130 125 114 121 110 116 128 98 108 91 135 121 97 108 108 120 127 113 139 123 124 113 109 138 101 142 126 115 110 130 120 117 133 133 125 91 121 116 118 93 98 110 112 117 120 118 131 116 
161 138 109 123 126 101 118 115 125 125 126 100 114 122 123 123 104 123 104 125 121 119 127 117 121 123 114 123 101 97 126 113 107 128 100 118 118 115 97 109 123 101 116 110 106 95 114 125 97 140 121 123 107 125 129 107 110 118 113 117 112 112 147 130 137 129 139 118 131 122 117 136 116 134 141 138 128 127 112 123 125 127 136 110 130 146 110 118 94 107 121 128 108 125 110 112 117 135 120 114 128 118 125 127 120 125 129 115 114 115 135 116 121 130 118 115 115 108 116 109 142 105 114 114 108 131 126 116 
142 109 138 125 123 132 119 108 115 123 107 131 132 122 121 119 127 127 128 126 121 112 146 133 113 118 112 104 99 107 140 137 114 113 117 122 131 104 113 110 103 112 126 88 134 112 119 108 123 112 103 114 117 109 113 112 104 113 127 117 114 115 129 105 145 126 135 122 133 119 120 138 115 118 133 117 134 124 130 125 99 123 124 107 137 127 98 128 135 117 123 127 103 126 138 116 132 111 107 113 125 129 127 126 112 112 117 112 114 128 128 113 109 112 122 107 103 118 134 128 104 104 130 127 118 113 105 111 
132 120 121 103 129 132 89 113 137 138 138 115 134 108 118 111 97 148 106 145 111 121 130 112 126 101 121 106 140 126 115 110 108 131 123 118 123 123 124 126 105 107 100 125 119 100 115 114 139 116 136 114 118 113 102 113 119 111 115 122 135 97 123 145 120 116 127 113 142 119 137 156 122 112 118 127 113 108 133 128 122 147 117 119 129 131 121 117 121 124 123 135 115 132 116 104 127 108 106 103 114 113 105 115 116 126 121 139 129 103 128 133 115 126 123 122 97 107 142 140 115 112 123 119 151 117 89 103 
136 119 111 134 127 134 120 113 103 99 126 127 133 133 112 118 107 131 106 126 135 114 128 128 129 110 123 103 145 144 126 119 111 118 100 124 101 86 124 109 108 130 115 118 117 122 128 111 113 136 127 100 128 105 108 109 118 128 131 116 135 131 126 120 128 124 131 122 121 121 118 129 130 112 132 137 131 115 123 123 140 94 118 117 100 140 116 102 123 105 116 124 123 115 125 95 121 115 123 128 123 131 114 127 97 138 118 112 125 99 120 118 97 128 99 122 127 102 105 132 111 128 130 126 127 136 102 119 
156 128 105 111 139 113 116 137 123 124 109 134 119 132 135 140 122 124 124 93 125 131 110 113 136 137 124 133 115 105 108 112 126 108 114 111 118 111 122 111 122 110 122 128 111 117 104 115 136 120 112 137 127 110 130 108 126 139 122 129 123 115 92 125 116 116 141 135 149 103 126 112 122 118 113 103 115 133 116 136 120 117 106 143 113 111 101 94 109 117 108 121 113 107 115 96 106 111 110 131 130 121 119 121 119 131 113 133 97 107 125 114 110 116 114 129 127 108 101 98 123 110 124 113 122 133 111 136 
148 113 116 116 115 109 115 99 124 135 103 136 126 112 119 138 122 130 140 107 111 124 135 114 122 129 98 132 106 107 110 114 133 149 118 112 107 130 111 117 119 123 121 113 116 128 110 121 100 132 118 127 118 140 127 88 105 121 114 123 131 104 124 97 136 119 110 119 126 122 105 97 121 128 116 117 116 128 101 130 121 109 103 105 107 121 119 114 108 116 112 133 125 124 108 128 118 109 112 121 117 127 130 120 108 126 117 115 129 117 111 125 127 121 102 103 127 132 121 125 124 108 114 136 126 132 127 132 
140 122 136 116 104 102 121 148 110 128 131 116 113 115 127 119 117 131 124 133 109 114 138 123 123 117 127 125 119 105 107 95 144 118 112 104 125 113 104 124 112 109 105 99 92 113 117 141 129 108 124 115 101 114 117 139 99 118 110 131 110 121 104 109 113 108 120 134 117 123 130 98 89 117 110 146 111 121 114 122 110 98 101 110 92 119 131 115 99 132 127 141 127 118 114 110 116 102 105 124 114 127 119 133 125 108 117 113 117 127 133 123 106 134 129 107 110 126 110 136 131 114 134 105 117 109 113 147 
131 105 95 107 117 109 130 112 115 122 119 121 122 120 123 135 108 122 95 121 131 120 130 109 119 128 114 118 127 110 132 117 113 105 100 111 111 104 121 109 127 121 110 97 108 126 108 106 134 108 128 106 109 128 121 127 117 122 101 109 100 117 111 125 112 116 111 119 125 119 136 118 109 139 119 91 104 102 102 94 107 104 95 118 110 125 133 107 108 120 110 109 103 99 99 110 110 115 106 127 138 120 137 133 136 122 123 113 133 137 122 117 132 109 115 121 105 121 117 122 119 128 129 106 115 110 129 110 
104 131 123 125 114 116 113 137 123 112 116 126 113 104 133 115 116 100 136 119 140 121 124 110 128 120 118 140 130 119 116 116 108 111 115 105 120 98 99 105 113 126 93 106 100 97 117 108 127 124 121 123 129 141 113 118 115 109 124 103 125 112 115 122 121 110 115 147 126 108 120 126 122 126 120 126 117 123 126 120 117 108 136 108 117 112 125 110 133 105 134 121 142 137 100 111 119 117 126 98 118 106 133 113 120 110 125 118 111 124 102 109 112 103 149 110 123 118 124 111 137 127 115 100 120 130 114 102 
137 124 120 120 129 112 118 104 124 134 121 103 129 123 112 128 112 106 108 115 142 116 117 120 132 111 116 132 115 131 103 124 124 115 131 124 107 96 107 109 104 97 88 131 87 123 124 124 108 100 113 126 106 116 97 133 110 110 108 116 119 123 129 122 125 125 108 113 113 127 114 136 110 148 106 109 96 95 106 102 108 147 120 126 132 129 146 142 128 103 109 114 101 137 103 120 111 104 114 107 124 123 128 104 93 118 105 126 123 116 99 124 134 122 132 106 117 125 91 133 107 102 109 116 122 102 103 127 
118 107 109 113 111 130 118 112 131 116 144 106 115 109 123 102 119 120 112 126 112 124 126 125 108 126 110 122 120 100 113 113 114 106 128 111 109 108 115 111 103 102 113 121 105 99 120 103 125 93 137 121 103 116 131 115 128 108 117 115 99 128 106 126 124 122 103 120 131 110 122 147 131 138 126 140 103 109 104 109 103 116 123 117 105 105 118 126 114 107 110 105 145 113 125 110 104 133 112 98 112 121 125 92 111 117 104 115 113 144 145 122 112 123 110 119 121 118 117 132 118 111 117 128 117 131 122 117 
139 98 128 115 129 107 105 131 127 110 99 120 137 124 123 111 115 122 109 136 126 126 110 119 126 116 110 111 96 111 88 120 129 119 106 105 104 122 117 124 101 123 90 99 122 138 115 100 116 118 111 120 127 118 108 119 124 110 128 135 119 121 108 108 121 122 111 129 99 117 104 126 125 113 113 96 118 126 113 100 106 114 117 102 105 126 120 137 119 100 114 95 137 93 111 99 114 106 100 112 110 96 100 112 111 117 112 129 119 126 113 124 115 112 108 132 127 118 113 120 117 116 117 111 90 142 111 132 
114 108 107 103 124 111 130 129 120 116 109 116 105 129 115 121 125 117 130 117 110 118 116 108 125 131 111 117 116 130 126 125 103 109 111 124 124 106 116 104 87 108 116 101 114 117 117 122 118 136 103 131 132 130 95 115 93 124 94 97 105 115 123 125 118 130 122 125 118 105 132 99 119 122 122 128 108 128 112 141 102 119 108 102 120 103 123 123 99 109 111 115 111 112 102 98 108 127 116 94 104 107 113 121 119 119 128 118 105 112 101 120 99 116 119 127 104 135 140 127 111 116 118 101 121 98 114 103 
114 128 111 139 114 114 120 133 103 127 113 115 123 111 99 123 110 126 106 105 125 103 127 120 103 127 106 109 119 128 142 131 118 112 123 103 102 113 121 96 98 128 115 95 108 118 105 110 103 104 126 130 106 117 125 117 111 117 117 109 125 133 126 123 126 124 121 135 108 133 107 126 134 120 129 109 96 111 125 121 92 123 116 105 109 126 131 120 112 117 112 126 98 118 101 102 113 109 133 101 90 124 134 104 110 105 114 132 106 127 110 99 100 119 127 105 116 129 123 125 99 127 115 136 117 114 120 121 
132 135 109 120 101 97 132 128 118 116 108 102 116 131 104 114 145 112 106 124 120 106 125 124 135 130 129 119 127 113 131 128 105 108 135 118 116 86 110 107 126 120 112 107 125 113 116 93 102 106 132 101 123 125 136 100 119 117 114 119 121 108 112 115 121 135 118 117 124 109 99 120 122 105 119 130 107 116 122 104 116 121 118 132 119 109 102 110 118 104 106 101 115 101 128 86 116 118 108 116 92 100 110 102 135 132 117 109 117 126 135 120 120 110 108 129 113 110 115 129 129 106 125 116 127 113 114 106 
125 114 103 139 109 113 102 114 121 120 112 130 107 115 106 117 132 105 130 122 120 115 103 118 119 114 125 124 130 106 109 106 126 97 123 121 113 103 113 96 112 103 102 107 110 115 111 110 106 105 121 117 99 104 108 104 125 107 127 121 108 122 133 99 132 113 134 129 120 136 130 117 103 134 113 98 100 118 105 106 117 126 113 118 103 121 108 104 129 102 110 121 98 103 115 125 103 107 123 119 116 98 107 116 137 112 122 97 113 119 122 125 120 106 132 123 126 131 124 113 113 97 121 108 118 116 140 109 
128 136 108 131 121 127 116 113 115 101 114 130 113 126 133 132 124 107 121 139 110 101 121 124 135 112 109 110 113 127 124 131 130 136 98 96 146 109 102 123 108 130 123 117 118 112 107 119 110 109 113 107 120 120 100 113 120 104 117 108 112 117 110 97 131 135 132 130 113 120 124 101 113 138 123 117 102 102 133 115 131 114 110 109 117 127 109 116 116 119 97 102 118 99 92 100 125 118 128 118 107 108 108 104 113 115 122 135 130 118 104 116 143 110 108 119 100 112 119 131 111 109 101 121 117 95 131 120 
121 107 124 121 117 128 113 116 125 129 127 109 122 119 121 106 122 119 110 127 136 113 104 112 122 125 119 135 110 100 123 124 113 124 131 100 110 121 125 110 128 117 105 132 112 110 116 106 99 131 110 125 116 131 107 101 135 116 108 113 137 143 115 117 143 127 125 131 132 127 140 149 118 126 109 120 108 111 104 104 116 117 121 126 116 115 112 122 131 109 121 110 114 117 91 113 97 126 122 135 96 126 119 113 124 110 108 106 124 116 121 120 125 127 133 120 141 107 141 154 132 124 109 127 98 119 133 105 
123 115 113 140 130 128 121 118 109 122 109 125 142 119 136 115 115 113 118 104 102 111 136 99 95 129 127 153 133 132 128 133 115 116 123 119 110 96 116 115 107 110 110 119 112 103 111 135 111 106 97 112 101 113 113 136 110 125 121 121 102 112 137 119 102 131 102 121 110 136 128 106 132 121 127 122 110 117 108 121 88 119 115 112 101 112 104 122 110 128 107 117 120 109 106 110 121 116 108 93 112 137 111 120 125 127 94 121 119 94 124 122 122 114 122 117 115 136 107 123 123 110 113 118 105 96 129 134 
133 104 120 104 120 108 127 109 129 122 114 104 113 127 113 116 135 131 129 146 111 114 125 126 114 116 114 109 107 108 122 109 125 114 100 132 114 101 108 111 112 117 116 98 121 108 103 114 122 109 113 116 121 120 131 107 123 129 105 131 115 139 123 124 144 129 129 132 136 121 136 129 99 125 108 120 114 100 115 117 126 125 134 126 129 127 119 107 107 116 103 98 124 104 117 114 104 106 118 118 132 119 111 128 105 102 128 107 136 126 118 111 135 118 103 127 118 140 113 134 93 122 107 118 112 120 108 103 
136 103 110 108 101 112 100 124 134 118 106 137 102 116 143 120 123 113 135 115 119 133 130 139 121 121 119 124 141 126 97 119 132 116 125 115 127 122 118 141 110 121 119 109 133 116 114 139 116 134 110 124 122 122 119 112 103 104 113 121 125 117 125 127 127 123 116 131 134 115 126 119 115 114 141 128 133 123 105 114 127 123 135 116 118 109 131 118 131 133 108 102 111 114 134 125 128 113 125 113 128 127 139 121 105 115 104 132 123 118 136 120 110 120 117 112 120 105 124 117 123 115 129 124 124 135 110 106 
126 101 121 122 100 107 124 97 122 102 114 121 113 93 138 123 108 139 117 102 118 129 115 102 106 116 126 100 102 119 108 120 110 112 105 104 120 136 117 115 117 101 104 117 104 122 129 110 120 120 115 121 126 98 127 121 130 121 119 119 93 146 129 110 122 116 120 119 124 128 121 123 122 132 93 106 115 116 107 104 116 124 103 99 103 130 97 101 109 106 122 112 133 115 112 112 129 124 126 117 130 127 126 107 119 95 139 129 126 106 93 132 122 136 93 121 119 111 111 124 109 120 117 115 124 118 117 124 
112 112 101 116 129 129 120 120 127 118 109 118 118 121 127 129 107 119 115 108 116 118 104 115 116 122 106 118 141 120 121 113 125 127 125 116 125 107 124 117 113 97 111 114 119 110 110 108 125 117 114 116 132 117 113 127 119 135 152 126 140 120 120 103 138 128 135 128 132 124 124 105 139 116 99 107 112 122 114 121 103 119 119 120 119 112 124 102 112 144 108 125 118 125 110 133 108 133 124 111 120 120 131 127 142 120 131 119 96 138 127 123 106 103 107 121 138 131 111 105 108 96 138 132 137 135 119 111 
114 117 140 130 104 116 103 106 128 117 120 124 121 145 117 103 119 117 97 123 115 116 128 120 108 110 121 98 118 146 127 121 128 113 124 114 137 126 121 128 104 127 122 116 102 121 108 117 112 103 115 119 115 132 113 126 129 117 132 126 122 114 124 135 136 142 118 130 115 123 132 122 104 132 129 100 121 138 112 106 114 119 130 122 123 121 108 127 108 92 118 108 111 121 110 124 111 113 108 105 119 116 120 111 133 113 117 155 143 109 124 121 124 111 120 121 113 118 137 109 125 98 132 124 147 131 126 99 
145 109 121 118 122 114 114 107 106 111 122 124 129 120 115 137 118 104 120 131 123 120 125 145 122 130 140 149 128 111 121 136 117 117 116 134 123 109 121 136 122 111 129 112 107 116 110 135 106 114 112 112 106 111 121 125 117 134 111 101 126 124 115 138 136 129 111 121 119 121 114 121 117 116 128 127 112 120 110 116 111 132 118 111 121 125 119 126 104 130 129 111 117 120 138 119 99 101 128 116 119 107 103 114 109 119 118 104 120 125 124 132 96 106 114 109 139 109 104 126 128 115 113 117 121 136 130 118 
124 111 129 131 110 124 116 130 128 122 129 97 101 113 104 112 115 117 123 135 117 129 122 130 132 128 124 124 117 131 113 96 113 116 100 110 124 126 117 111 109 119 117 115 120 129 96 116 124 104 115 128 122 113 111 120 127 122 122 103 116 127 156 134 129 147 144 146 126 127 139 131 128 135 119 125 93 128 143 121 114 114 123 130 121 110 102 133 147 115 121 102 115 101 112 116 109 111 110 107 116 133 118 112 110 147 117 127 110 97 133 118 106 112 118 115 119 107 118 111 111 130 125 125 118 139 125 109 
144 116 137 125 91 114 121 121 115 128 121 125 100 94 127 121 121 137 112 128 100 102 115 121 124 98 127 118 115 122 127 123 101 132 106 125 137 137 116 135 106 136 123 123 121 138 109 131 123 104 114 140 113 112 108 111 129 124 112 129 133 111 113 106 109 139 122 135 121 121 115 127 139 111 121 108 111 116 132 133 136 115 110 119 133 103 131 113 107 134 112 123 128 123 126 116 114 113 107 113 116 123 134 130 121 110 98 107 135 112 125 127 126 118 111 111 110 116 100 116 119 96 135 122 99 128 117 101 
108 110 120 107 112 123 106 120 113 120 115 137 132 109 124 124 140 126 130 101 123 116 103 146 130 108 119 116 121 138 112 109 127 100 117 117 132 120 146 93 117 111 119 119 130 111 133 125 99 115 107 92 131 131 139 112 126 129 107 118 112 119 115 109 105 118 134 120 99 129 135 129 141 129 89 128 91 146 122 112 120 116 124 123 119 132 109 104 138 136 119 136 128 111 112 114 133 126 121 106 130 119 123 130 95 118 131 115 111 122 101 110 117 117 101 108 112 121 116 104 119 129 121 119 107 121 123 97 
125 126 117 112 114 125 121 132 139 121 113 119 130 107 124 117 121 130 115 124 122 109 121 122 114 139 118 129 116 120 131 118 137 121 115 117 121 136 117 112 112 100 95 121 105 113 112 105 106 117 120 120 117 115 121 121 120 102 128 128 113 140 128 117 122 111 97 120 131 129 116 130 117 134 120 118 143 133 132 118 99 134 123 111 98 106 121 137 125 123 112 138 101 123 129 129 129 110 113 126 124 131 125 127 132 114 113 132 136 116 119 119 107 108 118 101 116 117 103 105 126 122 130 116 117 119 98 99 
124 129 119 119 104 128 95 111 128 129 98 98 113 114 116 106 119 121 122 104 118 133 125 126 137 116 112 121 119 98 119 130 128 118 98 117 126 126 104 128 106 119 124 114 126 127 120 109 128 131 115 113 115 114 110 119 122 118 114 160 113 119 114 91 105 105 128 127 135 108 125 119 123 146 121 123 109 139 128 126 139 109 147 121 125 105 131 126 108 132 113 109 123 111 116 106 130 113 120 137 107 113 103 112 114 122 128 112 122 116 127 105 129 118 117 131 106 123 122 113 112 127 129 119 116 138 108 122 
130 133 136 125 120 117 120 108 116 107 116 112 108 133 113 101 118 96 143 105 110 112 124 118 141 128 104 121 114 109 112 114 115 123 113 124 123 113 109 123 104 119 113 112 113 128 108 112 116 117 104 104 124 113 135 108 110 122 131 114 128 126 121 136 139 104 135 134 113 116 119 111 124 127 137 126 119 114 117 110 118 94 128 116 112 123 124 119 121 108 104 108 119 110 117 120 116 121 108 125 120 104 124 129 129 113 114 102 115 102 116 119 117 124 136 122 138 109 121 116 126 113 114 100 97 113 103 129 
139 100 132 135 126 124 141 117 123 129 106 130 114 114 111 117 115 121 125 112 120 120 135 111 134 117 120 118 110 123 102 126 138 119 119 118 123 114 119 106 133 117 125 119 124 118 122 110 112 122 97 111 116 124 116 108 113 121 106 140 114 104 132 117 116 138 100 138 137 118 131 107 115 129 111 123 118 124 114 118 114 116 135 124 113 124 143 135 139 119 126 132 107 110 119 120 113 119 137 126 102 130 128 136 120 103 121 129 105 115 122 103 123 125 117 114 102 137 107 120 120 132 120 120 119 104 103 104 
132 105 131 119 136 118 115 114 109 101 130 113 139 120 105 134 96 113 115 106 136 133 140 114 112 101 104 123 112 123 119 124 142 113 118 127 121 108 123 125 114 101 127 121 115 106 111 128 128 116 127 123 122 129 115 125 149 112 119 133 113 111 123 146 111 106 138 116 125 116 116 124 112 112 126 114 114 137 131 126 116 139 125 129 106 113 108 133 132 96 113 133 134 118 125 144 129 130 127 114 127 111 114 105 122 128 133 111 136 110 99 120 119 116 116 106 129 119 134 103 134 136 122 98 100 122 129 132 
138 110 133 97 111 116 132 114 134 109 128 136 125 116 114 136 124 122 108 111 124 116 109 129 124 126 116 123 126 120 120 126 118 106 132 139 116 110 105 131 132 122 135 114 124 119 122 124 122 121 137 127 111 120 123 112 134 123 110 111 125 128 112 117 135 135 126 138 130 129 127 127 139 146 131 128 130 109 121 118 105 131 110 134 119 126 113 128 119 132 110 111 122 131 110 112 94 128 128 128 110 128 126 120 120 130 97 110 128 130 134 115 130 103 136 138 136 126 119 130 121 120 111 122 103 123 91 113 
113 116 120 112 126 132 108 139 104 135 124 113 127 126 140 91 108 125 115 122 141 118 121 99 108 134 113 113 117 125 136 100 113 130 114 116 130 124 120 108 112 106 113 109 113 111 125 112 109 112 123 123 105 111 105 118 114 124 115 110 120 118 119 129 119 127 111 106 120 139 140 149 103 103 126 124 119 90 117 121 113 104 118 119 110 142 119 121 115 101 103 128 126 116 123 128 109 113 109 102 105 125 111 129 128 123 120 104 121 117 120 122 98 135 103 137 125 121 120 138 140 140 115 127 128 113 119 113 
124 118 119 114 129 98 126 114 141 140 133 116 127 148 131 129 132 116 112 112 125 108 137 128 135 132 118 122 127 126 123 113 113 120 133 113 129 134 129 109 113 113 105 110 109 109 136 103 114 119 118 102 134 134 137 117 118 135 103 120 149 139 98 108 137 123 126 127 142 123 117 107 126 116 123 124 106 131 121 125 120 136 116 122 100 115 111 103 115 127 115 140 121 116 118 108 119 120 109 111 117 108 120 120 128 118 137 122 119 120 129 133 98 127 142 126 112 134 139 119 128 140 133 128 117 135 117 122 
119 117 124 128 132 124 100 116 119 143 105 145 115 134 102 119 119 126 143 107 114 123 137 122 137 125 121 150 141 132 107 118 145 116 108 125 138 98 118 131 110 106 128 122 122 106 110 116 117 109 102 113 123 115 133 96 152 131 128 89 130 124 131 124 130 108 124 132 125 135 118 127 118 111 120 130 120 122 127 140 117 124 126 97 107 126 113 112 106 125 111 140 151 114 116 107 115 106 119 110 108 116 154 114 110 119 124 126 117 117 120 117 105 126 128 120 135 106 132 142 127 133 123 119 117 130 110 125 
139 111 116 117 133 119 138 139 120 124 134 142 131 127 125 116 116 129 135 149 150 125 129 126 109 140 153 139 116 130 124 121 123 101 108 107 113 101 113 114 96 109 103 106 116 124 104 113 116 127 94 127 129 106 108 118 122 106 132 125 118 129 123 119 116 114 144 127 133 130 113 129 130 111 119 119 102 110 116 136 131 122 126 117 125 97 116 114 120 115 123 127 123 121 118 113 116 113 124 121 132 123 110 105 117 134 110 120 113 119 109 116 151 136 129 139 138 117 104 127 105 147 100 142 126 106 114 124 
114 117 122 127 122 131 112 114 105 118 136 126 142 120 134 110 136 127 167 103 125 150 141 126 143 145 126 137 128 131 126 140 134 118 126 94 104 100 113 96 112 122 114 120 106 125 112 137 127 134 113 109 125 124 138 140 116 137 101 100 114 124 124 124 118 110 125 114 115 133 129 127 110 130 116 127 124 125 101 124 154 133 119 98 138 123 105 124 112 123 130 121 94 114 107 105 104 104 112 110 90 135 104 97 122 115 118 116 132 134 135 125 130 139 126 145 138 107 123 149 123 145 123 127 126 127 140 117 
104 116 115 135 116 130 116 124 110 137 131 132 122 123 125 115 129 122 132 150 127 136 135 139 131 123 117 130 124 123 129 106 121 104 111 116 111 102 116 93 112 120 94 118 119 125 109 112 121 99 126 123 135 149 105 100 126 111 135 115 112 122 120 120 126 127 118 125 112 115 112 108 113 117 107 88 98 132 123 118 123 117 112 113 113 117 132 106 115 136 92 115 119 113 97 95 109 110 117 98 123 125 130 127 140 113 123 134 126 106 128 129 134 124 153 123 137 126 130 126 136 127 145 125 136 133 129 132 
135 138 111 114 103 114 126 138 129 125 112 116 156 125 126 143 127 140 147 117 139 152 133 112 135 137 122 122 129 122 130 110 115 121 124 140 128 104 119 109 118 121 121 125 113 122 119 122 115 102 131 109 105 125 131 119 113 104 124 118 139 118 106 119 125 130 109 122 122 120 112 120 127 131 108 131 124 107 140 129 107 119 119 114 126 112 110 113 130 124 120 135 95 100 129 111 97 93 118 114 107 139 115 131 130 127 124 130 122 134 129 119 124 119 132 129 111 138 133 124 133 134 128 120 134 111 133 109 
107 108 111 116 130 104 124 145 106 131 134 140 143 123 134 126 101 142 139 131 99 140 126 133 133 139 119 126 124 135 129 125 127 111 129 124 113 112 122 105 103 115 126 95 122 129 115 114 126 123 104 115 143 128 130 125 100 114 111 119 105 116 120 127 108 126 121 128 127 150 134 136 122 133 115 108 114 132 122 91 131 115 98 89 121 113 109 114 117 129 115 127 106 130 107 102 101 113 113 99 112 110 137 134 114 120 122 120 140 132 128 133 121 128 117 149 100 135 146 119 127 149 108 120 135 150 120 110 
129 114 119 111 139 118 121 106 110 130 118 118 122 127 124 109 104 116 131 117 126 122 122 142 124 137 130 112 131 144 120 121 126 109 109 113 114 101 114 109 117 116 115 112 118 108 116 115 123 113 114 124 129 125 125 108 123 125 139 121 137 119 120 136 137 132 115 124 116 137 133 110 112 123 109 120 100 121 97 111 111 116 120 120 130 136 105 135 129 108 107 100 130 110 133 100 114 115 123 121 110 109 95 133 123 108 116 121 115 111 108 135 115 148 137 126 120 136 127 118 144 136 116 129 130 124 118 125 
143 120 122 113 112 120 121 119 133 111 135 112 142 136 134 121 104 142 124 126 125 136 121 122 111 141 131 122 121 130 119 131 130 127 130 114 126 104 117 122 119 118 134 126 117 119 116 112 133 121 123 107 108 115 141 118 111 134 118 125 144 122 116 131 121 117 142 121 126 121 131 110 121 121 108 129 107 138 123 128 118 112 104 135 104 127 125 115 107 112 112 116 102 107 132 110 107 123 124 135 114 126 129 144 117 129 112 116 101 123 106 131 150 117 128 133 136 120 123 130 131 131 116 125 122 114 112 120 
119 104 120 127 117 109 126 118 127 129 111 130 110 118 112 127 135 151 128 111 102 99 118 125 111 120 120 102 121 137 117 117 112 130 108 122 115 118 128 104 102 107 115 105 114 82 107 121 110 111 115 125 128 96 113 111 116 130 126 134 97 138 116 137 142 108 119 106 135 130 131 120 121 103 126 116 117 114 126 121 98 157 115 95 127 109 118 108 102 97 142 120 108 115 116 114 130 123 102 137 108 130 125 120 122 152 127 100 132 146 112 124 136 116 133 120 123 130 112 109 134 106 115 130 119 120 118 105 
124 129 117 122 126 119 90 112 130 113 115 126 118 124 111 123 119 106 117 108 123 130 107 111 108 125 124 118 118 116 136 116 107 118 110 110 107 104 115 112 114 103 109 122 110 133 114 123 119 127 130 103 117 99 127 132 136 107 127 114 113 138 119 131 121 114 126 123 144 142 134 93 140 131 126 116 110 123 126 101 106 113 127 123 125 125 136 121 105 107 100 128 99 111 144 114 113 121 126 106 123 96 116 117 103 132 101 140 114 108 114 127 107 127 123 121 108 123 108 131 133 126 123 126 111 123 95 120 
118 117 128 120 123 126 140 126 109 116 150 108 112 136 118 113 128 120 98 112 121 102 125 127 126 96 135 108 142 125 135 115 128 108 125 123 120 135 101 118 106 119 124 119 113 122 111 121 117 116 116 131 111 116 143 128 107 119 125 137 124 124 119 125 109 122 131 147 136 127 121 149 142 126 133 112 112 126 148 110 124 120 111 122 107 128 111 128 127 112 105 97 100 128 116 123 109 139 118 110 113 136 128 115 135 129 110 93 125 147 125 125 124 131 105 128 132 109 137 106 128 116 112 115 107 120 115 137 
132 124 97 124 125 131 112 110 113 125 117 123 103 92 112 97 127 104 125 104 129 131 116 97 124 120 110 113 111 104 115 133 123 125 108 114 112 132 138 95 116 111 128 109 120 147 146 114 105 100 135 106 122 139 103 113 121 89 117 125 144 116 119 125 136 131 106 127 143 136 130 132 143 117 121 109 127 104 108 132 118 116 120 120 118 113 114 133 118 148 99 129 104 143 103 122 120 131 138 115 100 111 133 128 97 113 137 112 129 105 123 121 115 116 130 112 114 105 126 117 122 109 120 112 104 116 137 129 
124 139 120 125 100 139 142 116 101 113 123 121 109 119 134 127 117 107 124 126 128 125 127 112 120 118 109 112 108 136 119 132 132 122 101 127 139 127 133 114 114 95 112 116 127 126 141 114 97 127 106 122 118 97 116 130 139 122 125 120 133 112 140 110 130 144 111 150 118 131 132 134 126 112 109 146 101 118 109 114 100 112 121 120 126 119 136 131 140 113 119 111 123 121 128 113 110 99 113 110 125 122 119 122 129 115 124 102 115 107 112 109 133 117 116 107 119 116 106 113 115 79 125 95 103 116 127 107 
112 101 114 110 123 112 108 117 147 115 143 123 115 118 120 100 120 106 116 91 101 118 116 115 130 101 120 111 130 112 146 116 101 128 99 119 122 116 120 111 127 138 118 117 115 136 121 132 151 113 121 120 137 129 113 120 132 119 122 113 125 135 139 123 123 141 117 112 121 112 130 131 150 130 125 129 140 110 115 121 110 101 114 138 128 132 117 129 112 136 104 143 117 119 128 135 134 138 121 137 121 108 102 114 114 125 122 110 120 121 123 114 109 106 107 133 121 118 114 113 131 143 101 85 101 116 124 109 
131 117 114 100 146 119 118 102 95 111 129 102 122 109 108 117 110 102 106 97 121 122 115 100 126 121 103 112 125 110 105 115 132 113 113 124 103 109 109 113 122 104 108 130 118 120 124 138 101 114 117 113 131 122 134 104 111 127 106 115 117 147 123 122 132 127 121 127 142 132 128 144 122 126 122 131 122 104 133 111 126 127 146 117 132 116 116 128 138 130 149 145 119 122 111 120 125 133 123 130 124 103 108 101 123 115 136 117 111 109 133 126 124 98 116 110 122 150 131 106 120 118 130 100 93 123 114 103 
118 122 155 125 115 115 108 112 108 127 119 118 108 107 109 128 122 124 99 119 97 113 117 101 100 108 113 100 105 110 105 130 98 132 140 130 119 115 128 121 135 110 129 120 119 113 118 105 111 123 114 124 122 120 121 110 112 108 111 134 122 130 131 135 123 128 132 105 121 126 137 131 134 137 136 120 138 127 113 145 129 106 112 114 110 101 107 117 116 118 136 121 130 125 120 133 143 114 127 137 143 128 119 138 114 118 100 99 115 93 130 126 114 124 124 101 106 114 121 106 114 107 93 112 111 101 133 109 
111 119 120 117 113 123 109 108 124 118 104 124 98 106 98 103 110 101 108 131 104 115 123 122 118 88 113 92 104 115 115 106 112 116 119 131 114 113 153 131 121 112 127 125 142 145 135 125 107 123 109 125 117 101 127 122 118 115 105 112 127 118 104 111 125 128 117 123 138 126 121 135 120 122 118 134 107 107 111 131 107 113 125 116 104 105 113 111 108 122 125 133 120 112 122 122 117 117 151 129 137 147 129 114 111 98 115 113 100 120 108 117 120 122 102 111 110 119 108 113 93 103 86 127 101 125 98 105 
131 115 107 114 115 122 102 117 112 116 112 97 104 110 118 123 124 89 94 101 104 126 113 106 133 117 107 120 119 109 116 128 116 105 125 116 106 101 118 135 146 123 125 111 114 118 138 110 106 108 118 105 115 131 100 126 127 126 141 135 97 117 113 126 132 134 140 134 130 137 138 132 113 115 124 120 136 126 121 144 108 112 107 137 122 95 121 121 104 108 122 147 121 137 121 124 133 124 112 125 133 136 117 143 122 124 107 117 98 110 112 111 103 123 116 125 100 108 107 125 103 97 116 127 99 120 109 100 
126 125 131 98 94 121 104 105 138 118 114 117 106 125 75 105 95 99 100 110 115 108 80 134 104 111 106 87 106 115 95 127 111 102 150 115 103 131 127 148 132 118 105 121 130 150 103 114 116 118 114 106 121 129 126 132 114 120 105 112 111 118 154 131 134 131 122 114 130 104 103 118 129 118 140 123 114 111 127 106 113 116 124 112 125 146 125 122 96 116 122 111 142 121 117 107 121 134 132 120 111 118 130 109 123 113 119 127 107 118 127 111 110 111 106 115 115 113 93 106 105 76 108 108 113 95 97 103 
132 119 143 116 138 105 119 116 113 103 116 92 107 125 113 121 113 98 111 106 101 123 113 128 103 99 93 97 109 126 114 121 105 135 107 136 115 118 127 129 120 128 137 108 137 131 119 106 113 119 116 113 116 141 119 117 121 123 131 119 116 146 121 152 107 136 140 129 126 120 140 145 115 126 121 115 119 124 121 129 106 116 111 111 114 114 94 126 132 115 137 121 149 142 120 119 113 140 146 128 118 109 119 105 111 128 121 116 115 94 90 107 101 104 114 98 83 111 90 107 132 110 96 105 106 101 116 116 
149 114 126 111 133 110 136 133 118 126 114 118 108 107 113 120 113 118 113 123 128 119 122 124 108 128 99 127 112 133 142 101 110 129 140 139 149 130 141 151 158 158 124 141 157 134 135 119 123 155 119 124 133 142 131 134 142 129 116 129 156 136 141 135 165 140 145 158 136 148 120 125 160 145 141 165 139 122 147 130 127 123 131 130 118 121 110 122 119 159 150 101 135 133 129 120 148 133 121 140 137 130 140 136 133 118 113 127 125 131 127 120 126 138 105 126 130 137 110 122 123 126 113 101 94 103 115 109 
