4875 5690 5716 5232 4469 4122 4328 5327 5436 5488 4487 4254 4048 5123 5797 5658 
4830 6116 6365 5539 4468 4219 4199 5333 5448 5580 4259 4166 4235 5335 6236 6079 
4550 3949 3947 4114 4959 5318 5120 5712 6987 6102 4989 5064 5053 4236 3748 3659 
4191 2063 1660 2894 5495 6481 5524 6035 7994 6506 5303 6042 6025 3396 1817 1801 
4234 1937 1591 2895 5699 6530 5242 6122 8058 6869 5221 6080 6034 3287 1657 1733 
4578 3502 3322 3950 5064 5483 5274 5867 7167 6082 5248 5402 5351 4149 3270 3321 
5092 5804 6113 5445 4653 4433 4526 5630 5679 5625 4507 4379 4464 5044 6237 6103 
5024 6099 6314 5718 4667 4241 4535 5523 5689 5677 4549 4330 4270 5318 6370 6133 
4945 5293 5298 5146 4633 4443 5032 5301 6185 5484 4937 4439 4450 5110 5279 5335 
3828 4310 4648 4247 3764 3712 3585 4952 5320 4931 3754 3592 3690 4086 4445 4512 
3643 4925 5000 4435 2993 2468 3189 4248 4514 4387 3338 2826 2707 4114 5081 4933 
4080 4366 4558 4262 3875 3822 3758 4992 5597 5113 3846 3685 3936 4105 4548 4230 
4833 5239 5154 5061 4548 4268 4998 5429 6127 5541 4968 4316 4289 4877 5201 5110 
4908 6149 6282 5443 4525 4124 4347 5388 5438 5510 4300 4096 4145 5212 6428 6324 
4907 5584 5693 5264 4568 4384 4504 5402 5756 5610 4545 4303 4387 5106 5598 5574 
4439 3182 2880 3571 5149 5557 5440 5847 7268 6263 5222 5454 5367 3868 2853 2896 