7648 7725 7842 7767 7444 7199 7538 7616 7628 7587 7671 7508 7411 7587 7764 7751 
7762 7878 8162 7880 7624 7301 7544 7574 7847 7752 7761 7627 7369 7846 7908 8097 
7619 7410 7369 7551 7518 7806 7574 7901 7923 7795 7676 7682 7772 7376 7385 7177 
7575 6871 7030 7281 7846 8106 7529 7824 8219 8210 7668 7942 8059 7180 6846 7009 
7610 6939 7042 7192 7779 7971 7635 7877 8218 8154 7712 8100 7995 7242 7043 6907 
7540 7298 7014 7383 7684 7890 7549 7740 8229 7970 7731 7793 7847 7345 7147 7113 
7728 7936 8086 8097 7383 7330 7742 7690 7803 7795 7634 7550 7368 7751 8217 7875 
7824 7834 8144 7916 7736 7368 7759 7621 8009 7741 7594 7431 7383 7902 7997 7985 
7560 7480 7669 7559 7423 7501 7587 7738 8145 7846 7797 7531 7605 7712 7527 7602 
7723 7807 7781 7632 7350 7267 7614 7515 7866 7643 7385 7530 7602 7630 7528 7652 
7586 7517 7580 7606 7243 7107 7346 7406 7738 7406 7482 7060 7127 7542 7619 7379 
7471 7681 7618 7695 7594 7328 7458 7802 8034 7442 7506 7410 7532 7642 7632 7604 
7724 7484 7679 7620 7655 7481 7482 7767 7863 7849 7693 7664 7669 7511 7414 7523 
7725 8042 8124 8052 7470 7400 7592 7704 7939 7678 7552 7509 7384 7824 8147 7960 
7709 7734 7713 7827 7528 7449 7598 7849 8144 7627 7574 7412 7598 7674 7840 7682 
7561 7277 7113 7217 7774 8019 7702 7929 8269 8077 7547 7988 8073 7418 7271 6971 