36327 47125 47827 47730 26984 21469 42718 26546 52434 26553 44716 23271 21665 45515 46912 45687 
41029 58305 58588 59233 26825 19038 51617 26048 55334 24555 55691 20788 18941 56518 58280 55616 
26419 21373 22550 23508 46401 53789 30586 50590 62402 55851 27750 51183 52300 23765 21540 19346 
25736 15883 17022 18534 51524 62621 29264 56727 64101 63000 25053 58950 59721 19714 16106 14124 
25723 15818 17336 18919 51652 63284 29225 57908 64986 63659 26071 59328 60202 19749 16577 14428 
26598 17660 18973 20414 51575 62369 29302 57277 64333 63539 25810 58679 60035 20912 17945 15559 
41459 57520 59003 59596 29938 22958 53045 30172 58092 28608 56064 24830 22854 56579 57201 54657 
42650 60466 61347 61356 29576 21919 54111 29468 58373 27467 57453 23304 21560 58575 59731 56999 
28148 21001 22152 22540 50191 60016 29521 55144 62882 61107 26033 56558 57210 22274 20688 18589 
40073 56274 58058 57456 27945 20364 50859 27886 57446 26438 53741 22438 20578 54703 56712 53805 
17977 21620 22337 22914 20248 19302 22090 21685 56268 25165 22724 19238 19314 22134 21536 19329 
40060 53642 54813 54848 29316 23048 49448 29353 57020 28578 51644 24564 22783 52296 53649 51046 
28252 23158 23974 24007 46899 53920 29706 50365 61322 55511 27130 50936 52459 24548 23015 20661 
41590 59322 60232 60301 27994 19519 52952 27060 56015 25237 55937 21359 19878 57154 59850 56764 
38042 49053 50166 50724 29171 24279 46177 29814 56301 29107 47582 25744 23567 48291 49169 47536 
24488 14449 15272 15877 46507 56482 23443 51018 58394 57287 20215 53471 54476 16684 14696 13268 
