4881 5892 5846 5840 3913 3430 5358 4040 7382 4220 5398 3786 3464 5521 5935 5877 
5271 6919 7012 7248 3565 2583 5918 3501 6930 3647 6153 2984 2935 6463 7078 7011 
4043 3338 3458 3451 5571 6191 4025 5792 7885 6400 3910 5836 5909 3559 3469 3389 
3526 1509 1592 1635 6467 8046 3008 7070 8475 7993 2827 7581 7608 2122 1537 1563 
3593 1529 1567 1574 6548 8148 3089 7069 8302 8045 2773 7323 7602 2074 1587 1535 
4015 2850 2826 2909 5878 6809 3665 6229 8101 6873 3561 6349 6429 3180 2767 2741 
5381 6641 6640 6695 4020 3270 5735 3956 7106 3978 5936 3520 3347 6255 6738 6518 
5304 6924 6743 6698 3817 3073 5891 3947 7085 4059 5979 3431 3299 6264 6836 6664 
4674 4569 4496 4506 4919 5051 4680 5076 7612 5646 4627 5076 4925 4501 4615 4467 
4238 5143 5170 5018 3355 2905 4581 3451 7181 3966 4653 3089 2958 4908 5151 5153 
3545 4490 4471 4519 2280 1595 3711 2295 6928 2725 3839 1914 1866 4249 4537 4491 
4424 5152 5024 5063 3618 3421 4553 3774 7454 4140 4658 3463 3366 4779 5190 5081 
4478 4390 4610 4439 4714 4980 4674 4984 7549 5443 4657 4910 4959 4481 4441 4472 
5383 6897 6910 6945 3510 2677 5905 3640 7098 3652 5975 3023 2961 6552 6960 7105 
5114 5910 5989 5880 4034 3505 5384 4073 7354 4434 5460 3684 3769 5717 6161 5962 
3843 2418 2424 2482 5905 6953 3396 6367 7971 7446 3233 6537 6835 2682 2389 2328 