5330 6560 6536 6710 3280 2455 5763 3130 7472 3160 6058 2727 2546 6564 6572 6593 
5922 8282 8302 8407 2923 1613 6890 2553 7430 2300 7643 1897 1645 7854 8156 8045 
3515 2273 2266 2342 6085 7113 3123 6404 8410 7132 2575 6745 6843 2518 2255 2231 
3484 1493 1526 1566 6691 8303 2734 7232 8265 8198 2038 7721 7920 1698 1553 1487 
3429 1569 1598 1588 6448 8359 2753 7212 8240 8233 2154 7757 7966 1646 1555 1551 
3467 1574 1627 1687 6580 8221 2732 7292 8293 8393 2090 7715 8024 1720 1599 1518 
5667 8027 7875 7955 3011 1854 6711 2777 7229 2588 7421 2130 1889 7501 7891 7970 
5890 8301 8349 8347 3011 1587 7119 2724 7444 2405 7651 1917 1753 7893 8155 8229 
3568 1695 1819 1800 6374 8187 2869 7214 8214 7962 2218 7494 7799 1943 1806 1688 
5572 7842 7966 7616 2894 1573 6670 2599 7317 2372 7086 1903 1665 7447 7976 7659 
1856 1937 1968 2014 1656 1530 1870 1555 7491 2215 1941 1638 1530 2017 2019 2006 
5622 7313 7511 7375 3102 2056 6453 2908 7414 2768 6924 2322 2114 7049 7323 7184 
3614 2258 2184 2214 5992 7254 2952 6624 8118 7333 2611 6704 7017 2370 2246 2245 
5862 8373 8402 8259 2996 1567 7062 2579 7323 2290 7530 1891 1743 7872 8308 8197 
5413 6844 6762 6890 3289 2496 6113 3163 7595 3051 6270 2777 2623 6580 6773 6777 
3457 1601 1557 1521 6606 8362 2699 7292 8358 8198 2074 7811 8101 1719 1554 1536 
