10502 9325 9152 9769 10964 10879 11307 10122 11010 10394 10860 10772 10821 10072 9172 9121 
9745 8192 7196 9119 9462 9737 12292 10902 10589 10814 11880 10750 9176 9639 7398 7699 
8912 8671 8845 8596 9354 10318 11539 11421 10872 11183 11549 10474 9474 8556 8568 8496 
7950 10554 11422 9563 7543 8913 11345 12529 9467 11468 11914 9495 7653 8668 10912 10612 
8343 10938 11769 9717 7230 8854 11649 12719 9096 12104 12281 9334 7204 9084 11283 10891 
8684 9061 9187 8665 9044 10066 11397 11262 10705 11155 11328 10293 9406 8789 9082 9126 
9854 7897 6937 8930 9595 10094 12333 11161 10707 10822 12218 10940 9347 9369 7157 7331 
9919 8497 7863 9233 9908 9740 10798 9987 10493 9788 10175 10001 9685 9286 8307 8131 
8728 8830 9188 8667 9040 8603 8607 8241 9559 8389 8538 8424 8989 8557 8906 8811 
9178 9615 10165 9501 9162 8880 9254 8892 8871 8809 9125 8851 8831 9324 10103 9750 
9560 7900 6934 8567 9469 8986 11026 9074 10145 9099 10610 9681 8936 8778 7431 7324 
9115 9873 10502 9401 8934 8619 8932 8686 8686 8757 8843 8585 8608 9446 10261 9972 
8613 8386 8643 8252 9188 8708 8641 8120 9655 8287 8399 8492 9156 8252 8578 8293 
9685 8595 7785 9139 9730 9544 10941 9960 10200 10096 10647 10091 9232 9282 8008 8016 
9522 7718 6909 8639 9539 9934 11817 10934 10773 10715 11855 10557 9233 8833 7081 7082 
8347 9090 9635 8851 8806 9870 11161 11469 10519 11323 11547 10030 8997 8806 9530 9357 