1383 486 223 146 40 40 570 54 6766 473 659 186 44 67 235 335 
84 681 675 1365 416 51 500 390 6812 129 1017 59 95 1812 697 746 
35 45 45 66 1553 1069 105 1189 7029 1395 340 570 1609 379 39 29 
43 28 52 70 2629 7217 138 6041 8340 6859 102 3614 3371 49 34 31 
64 47 49 83 2592 7115 144 6119 8380 6731 104 3581 3229 57 31 30 
196 64 66 74 1908 5150 251 4503 8013 5468 107 2987 2405 60 51 41 
648 4527 5823 3588 101 93 3572 234 6661 300 1724 205 65 1134 5816 4863 
153 5835 8216 4978 129 139 5012 336 6789 221 2147 106 80 1460 8144 6523 
70 117 128 124 2422 6092 145 5338 8067 5815 155 3068 2896 158 102 102 
142 3482 4647 3051 129 101 2888 285 6755 141 1456 61 81 1121 4609 3608 
49 47 63 53 63 61 72 88 6718 131 68 53 40 53 63 56 
1206 586 447 328 44 58 619 117 6707 466 531 260 67 181 453 563 
291 38 44 77 655 167 218 286 6966 677 330 388 593 328 36 31 
82 1804 2278 2275 328 45 1401 400 6733 114 1295 74 76 1877 2188 1932 
1981 819 407 261 52 56 882 93 7043 708 727 428 34 108 389 687 
554 30 52 55 302 1157 482 730 7142 2462 80 1643 391 39 44 26 
