1915 897 765 594 72 63 966 116 6880 642 948 365 61 330 744 766 
227 2943 3180 3136 400 76 2134 501 7052 195 2063 73 91 2492 3340 3178 
69 60 65 109 1955 2325 126 2087 7303 2539 382 1446 2177 411 75 52 
97 39 57 66 3435 7868 191 6243 8127 7306 120 4643 4364 66 42 48 
92 52 64 71 3325 7857 232 6442 8320 7387 144 4588 4321 87 64 45 
250 58 111 93 2807 6437 311 5175 7973 6006 134 4125 3518 100 70 74 
832 5689 6362 4790 123 129 4154 496 7102 422 3036 192 100 2463 6351 6119 
426 7354 8085 6345 168 159 5410 597 6968 283 3611 159 135 3135 8146 7742 
111 137 156 144 3112 6741 222 5569 8154 6363 198 4120 3890 159 144 130 
363 4839 5544 4275 170 91 3555 483 6998 214 2447 90 88 2379 5513 5201 
77 78 77 107 75 85 105 129 6780 204 85 64 71 77 75 71 
1228 1963 2017 1631 91 92 1737 236 7005 514 1276 281 75 848 2008 2009 
352 87 82 109 996 596 286 679 7034 1366 341 781 1078 388 100 88 
258 3855 4410 3800 359 73 2932 511 6963 136 2252 81 95 2672 4361 4113 
2008 1505 1391 1081 85 83 1473 182 6900 719 1140 427 53 552 1360 1400 
525 64 78 66 1155 2784 486 2210 7419 3656 106 2494 1535 74 60 40 
