4186 5742 5791 5781 1828 1038 4954 1725 7316 1807 5123 1373 1108 5212 5680 5703 
4728 7934 8108 7940 1806 474 6568 1614 7180 1192 6998 703 610 7328 8109 8076 
1789 924 983 957 4890 6354 1743 5484 8067 6561 1380 5680 6015 1172 974 950 
1942 449 423 488 5939 8422 1657 6923 8330 8356 939 7507 7635 622 479 434 
2013 418 464 450 6108 8410 1654 7048 8446 8429 978 7345 7556 638 457 512 
1934 485 520 519 5851 8072 1684 6944 8191 8298 935 7324 7570 607 490 487 
4709 7629 7621 7502 1859 635 6413 1645 7326 1378 6471 893 750 6884 7682 7557 
4849 8122 8266 8068 1782 537 6544 1571 7186 1299 7193 741 680 7379 8109 8011 
2016 662 657 638 5782 7919 1649 6689 8227 7905 1123 7001 7096 762 613 612 
4313 7592 7529 7534 1582 482 6018 1461 7190 1150 6557 664 581 6879 7654 7507 
678 819 791 794 527 480 651 562 7290 1237 749 465 460 777 830 766 
4339 6889 6775 6739 1717 883 5611 1722 7231 1562 6074 1030 905 6088 6841 6909 
1934 996 1021 930 5213 6429 1815 5709 8042 6801 1255 5836 5998 1114 969 977 
4638 7954 7941 8097 1812 464 6614 1616 7271 1252 7182 758 585 7346 7863 8176 
4288 5980 6013 6064 1811 1100 5092 1829 7279 1906 5276 1322 1107 5407 5956 5961 
1983 463 494 479 5841 8042 1662 6795 8409 8030 948 7141 7432 636 490 534 
