277 82 41 30 22 27 104 52 6456 201 155 49 30 36 43 60 
34 58 48 591 383 27 52 267 6637 104 543 32 76 1226 58 62 
24 21 39 81 1314 167 65 459 6680 591 319 68 1374 395 31 27 
21 37 48 46 1385 5531 98 5175 8183 5437 80 1516 1650 28 26 20 
27 25 37 55 1439 6057 86 5901 8111 6085 89 1770 1618 36 33 14 
166 42 44 48 784 3777 216 3503 7782 4513 92 1572 990 48 30 29 
616 2637 5210 1622 67 89 2752 140 6470 288 435 143 43 136 4072 2806 
57 3591 7989 2647 65 118 3900 189 6458 189 300 48 69 184 6240 3831 
41 73 95 77 1313 4857 96 4810 7990 4967 125 1360 1622 133 65 59 
39 1610 3476 1435 116 58 1743 171 6258 120 336 47 64 468 2887 1637 
30 38 42 41 37 41 62 108 6189 83 44 40 34 38 27 30 
875 108 50 42 35 44 306 94 6665 434 237 230 28 29 41 67 
176 33 27 32 236 42 86 145 6391 261 162 159 167 188 19 21 
34 122 93 1018 322 27 125 317 6717 94 682 40 61 1522 171 140 
1953 354 50 29 21 42 614 75 6920 715 604 360 19 26 48 262 
431 12 22 22 37 515 434 117 6911 2174 59 1432 52 25 17 24 
