80 40 44 39 18 25 54 42 6324 139 57 28 21 27 28 31 
14 25 24 423 337 32 43 195 6648 110 452 22 64 891 35 34 
20 27 23 55 1348 73 54 388 6467 537 324 49 1293 352 28 19 
23 24 22 35 943 4493 82 4774 7966 4878 70 782 1160 31 34 11 
24 28 28 35 968 5643 92 5676 8221 5944 54 950 1113 33 22 14 
112 40 45 43 505 3145 198 2962 7499 4176 77 1232 524 28 46 31 
528 1989 4939 1044 48 58 2413 137 6186 301 331 126 47 79 3106 2116 
42 2666 8104 1679 66 113 3393 179 6212 134 123 40 42 109 5044 2760 
16 50 104 80 987 4380 99 4683 7849 4689 112 747 1144 113 65 50 
44 1039 3003 1049 108 69 1449 186 6081 89 266 35 50 412 2073 1084 
27 26 33 38 38 50 57 78 6021 71 37 46 22 25 21 29 
619 68 29 29 30 49 187 66 6441 439 156 179 28 26 30 40 
106 22 22 24 116 24 66 82 6256 134 80 83 88 97 19 22 
18 87 44 811 251 20 66 251 6252 74 589 25 44 1277 122 56 
1701 217 21 26 24 33 506 92 6816 698 537 413 25 18 20 145 
346 22 22 19 33 536 416 93 6753 2078 75 1450 33 24 17 8 
