3864 5502 5608 5490 1631 913 4543 1491 7151 1641 4720 1215 883 4781 5421 5324 
4309 7946 7945 7870 1525 400 6408 1424 7116 1093 6762 554 473 6925 7877 8009 
1604 779 855 803 4820 6299 1527 5339 8004 6192 1165 5591 5850 1075 833 746 
1630 374 340 362 5733 8262 1515 6807 8426 8241 829 7169 7511 505 354 315 
1706 342 346 390 6068 8409 1511 7120 8390 8237 782 7286 7428 528 371 344 
1655 389 374 396 5775 8216 1539 6716 8313 8076 775 7166 7350 545 387 344 
4304 7483 7580 7484 1603 506 6152 1482 7091 1260 6599 761 622 6557 7648 7504 
4547 8100 8047 8237 1638 477 6664 1561 7228 1115 7105 591 521 7119 8265 8077 
1719 528 510 531 5632 7777 1630 6561 8115 7904 864 6897 7021 633 550 498 
4060 7388 7477 7367 1482 377 5984 1397 7230 1053 6302 539 425 6494 7431 7283 
514 669 696 609 425 347 569 424 7301 1056 655 376 379 618 638 662 
4132 7030 6825 6718 1535 674 5385 1491 7109 1439 5842 967 697 5797 6717 6792 
1573 789 810 856 4768 6268 1550 5464 7979 6565 1216 5558 5798 996 746 826 
4349 7983 7926 7984 1657 399 6407 1444 7011 1073 6925 583 490 7127 8056 7775 
4092 5672 5710 5703 1528 984 4864 1651 7271 1731 5123 1192 921 5020 5789 5641 
1787 376 408 389 5590 7872 1524 6681 8303 7911 756 6997 7175 526 425 398 
