1458 522 239 172 48 43 581 89 6831 529 689 186 36 82 263 365 
113 858 952 1470 364 52 635 408 6728 120 1060 57 88 1833 853 920 
29 44 41 85 1490 1235 100 1316 7136 1479 374 663 1676 397 52 49 
46 33 44 50 2674 7329 150 6198 8110 6900 106 3773 3448 53 35 30 
60 48 48 51 2762 7176 165 6128 8287 6856 121 3863 3409 60 44 39 
245 57 70 78 2031 5236 253 4592 8015 5559 109 3300 2438 79 64 58 
708 4649 5943 3705 91 102 3745 305 6955 327 1897 180 97 1219 6143 5043 
182 6155 7957 4978 111 134 4948 391 6874 195 2309 114 108 1666 8102 6692 
91 104 129 117 2461 6209 170 5253 7912 5972 184 3357 3141 139 120 111 
116 3573 4829 3165 122 98 2888 293 6851 144 1559 71 82 1306 4834 4032 
54 59 75 56 57 73 75 97 6661 136 62 52 76 50 56 49 
1197 747 619 436 41 62 712 124 6913 494 595 289 47 224 567 679 
279 38 58 59 722 156 212 322 6673 734 312 440 661 332 36 42 
82 1994 2620 2407 339 48 1631 369 6816 112 1387 56 81 1963 2523 2233 
1942 814 415 278 52 49 890 92 6847 802 811 454 55 140 504 688 
481 39 40 40 375 1310 451 822 7240 2602 99 1662 457 44 30 41 
