2570 3154 3134 2978 246 201 2687 536 7074 869 2464 567 179 2120 3056 3037 
1520 6077 6244 6114 594 105 4494 886 7168 528 4318 148 154 4699 6339 6136 
239 183 188 228 3250 4426 514 3859 7774 4529 473 3279 3831 470 201 162 
361 74 69 98 4853 8368 664 6661 8214 7923 231 6080 5970 114 80 81 
342 88 110 100 4632 8239 679 6592 8238 7935 246 6154 6070 132 77 80 
440 108 111 154 4341 7583 698 5943 8292 7479 226 5837 5538 160 117 100 
2203 6955 7054 6560 383 189 5180 878 7027 630 4945 309 181 4667 6957 6914 
2194 8201 8145 7791 414 228 6114 974 7243 603 5592 226 209 5464 8115 8061 
398 198 177 220 4445 7514 663 6095 8052 7260 269 5681 5713 283 199 199 
1858 6567 6552 6245 410 145 4740 826 7164 526 4461 212 165 4557 6678 6476 
149 174 188 170 146 118 175 177 7303 537 159 119 114 204 180 176 
2056 4686 4782 4558 321 195 3757 676 6987 745 3314 380 170 3193 4748 4629 
462 234 222 243 2689 3795 557 3262 7765 4104 435 3059 3210 469 218 210 
1793 6608 6492 6450 576 106 4881 934 7051 547 4622 155 150 4864 6569 6626 
2454 3747 3870 3675 285 242 3056 596 7167 885 2818 546 194 2571 3706 3692 
676 112 123 115 3452 6086 749 4800 7882 6151 197 4910 4318 134 90 118 
