1868 788 638 490 56 61 974 110 6953 671 863 327 46 266 643 655 
201 2654 2953 2803 414 80 1937 421 7019 172 1751 83 107 2314 3016 2831 
63 43 73 98 1893 2102 119 2058 7381 2317 372 1257 2131 439 59 51 
67 37 63 74 3338 7720 216 6311 8233 7275 128 4585 4190 96 62 42 
94 52 60 61 3353 7632 216 6325 8312 7080 153 4576 4089 76 58 41 
240 65 76 94 2609 6241 260 5153 8135 6040 149 3978 3270 94 71 50 
893 5515 6233 4659 134 120 4172 463 6896 408 2770 229 82 2402 6259 5945 
387 7190 8017 6103 173 166 5254 581 6980 271 3389 167 132 2957 8130 7501 
150 109 132 135 3069 6797 192 5601 8036 6377 213 3984 3858 161 157 126 
260 4823 5360 4096 141 107 3604 452 7107 206 2352 81 83 2174 5470 5026 
68 74 96 93 72 60 81 124 6931 178 92 66 66 67 87 69 
1208 1777 1837 1480 93 81 1514 169 6966 505 1128 268 69 799 1766 1729 
292 97 78 103 947 522 280 579 6987 1262 330 702 976 343 83 68 
197 3688 4190 3779 358 68 2666 484 6983 158 2163 78 112 2475 4398 3785 
2022 1394 1245 947 66 66 1405 180 6974 750 1105 401 82 475 1211 1293 
559 67 62 62 1046 2523 468 1983 7495 3603 92 2380 1313 54 57 51 
