631 161 64 44 32 31 230 68 6634 245 316 69 23 34 66 113 
44 106 74 742 378 34 96 285 6704 114 698 33 96 1368 88 121 
26 17 26 53 1258 293 60 662 6696 684 356 137 1400 394 22 30 
23 31 29 43 1711 5993 99 5550 8170 6083 92 2161 2135 42 26 29 
32 31 34 50 1799 6441 100 5978 8277 6434 96 2424 2153 47 42 22 
189 46 54 37 1091 4080 214 3677 7795 4922 83 2035 1283 36 48 48 
597 3161 5392 2191 64 72 3071 174 6419 278 679 138 56 231 4803 3472 
54 4431 8107 3481 79 121 4248 191 6443 175 621 88 72 388 7164 4569 
70 98 113 89 1729 5365 120 4896 7944 5283 136 1926 1987 140 87 56 
54 2073 3854 1894 123 72 2132 199 6575 119 484 54 71 553 3351 2333 
27 34 42 41 48 46 69 77 6491 98 49 47 37 35 32 40 
1050 184 61 53 48 61 358 72 6707 461 313 261 26 51 64 116 
201 27 29 61 380 59 140 177 6612 322 219 227 261 270 33 32 
56 296 258 1145 308 35 251 312 6659 92 853 44 62 1584 385 300 
1992 537 84 58 32 36 656 68 6982 685 676 381 24 20 79 361 
524 38 29 30 64 549 431 213 6905 2190 74 1439 81 27 21 22 
