3508 5138 5081 5210 1094 636 4090 1160 6987 1421 4182 937 613 4217 5119 5016 
3697 7767 7581 7755 1331 256 5964 1267 7164 913 6250 390 315 6714 7680 7683 
1092 549 546 606 4482 5850 1222 4943 8066 6037 906 5024 5203 791 535 515 
1218 191 202 244 5710 8176 1287 6977 8187 8200 535 7035 7269 363 220 210 
1164 203 232 265 5697 8439 1263 6923 8358 8287 594 7019 7130 331 224 213 
1272 261 265 249 5552 7959 1347 6823 8258 8027 564 7030 6962 350 301 279 
3980 7520 7610 7426 1189 404 5733 1320 7220 1015 5850 538 398 6352 7634 7336 
4078 8127 8014 8121 1202 309 6340 1380 7167 990 6647 458 368 6780 8281 7974 
1252 367 386 374 5332 7666 1273 6503 8196 7781 627 6577 6681 491 366 361 
3716 7274 7374 7220 1075 255 5752 1247 7154 891 6069 444 341 6081 7297 7228 
398 441 460 463 303 224 415 308 7223 910 448 248 241 422 471 423 
3681 6306 6418 6315 1147 525 4975 1306 7087 1189 5247 703 501 5374 6319 6183 
1160 571 596 562 4205 5831 1219 4868 8048 6099 890 4967 5209 759 565 527 
3879 7836 7814 7856 1269 265 6186 1280 7195 938 6576 426 373 6625 7798 7690 
3695 5249 5407 5440 1171 705 4446 1248 7475 1352 4528 895 615 4440 5393 5351 
1404 281 253 274 5289 7739 1344 6340 8185 7684 599 6522 6664 331 290 233 
