6975 7532 7378 7470 5937 5598 7340 5751 7791 5989 7231 5630 5599 7557 7421 7508 
7349 8183 8110 8245 5767 4913 7549 5508 7645 5110 7981 5029 4890 8195 8086 8129 
6271 5358 5312 5493 7117 7578 5848 7557 8277 8021 5704 7843 7721 5397 5357 5329 
6140 4887 4839 4895 7488 8539 5586 7824 8384 8377 5235 7970 8315 4984 5094 5055 
6133 4874 5068 4849 7548 8224 5577 7837 8216 8273 5199 7988 8244 5107 4836 4829 
5969 5021 5073 4937 7659 8343 5645 7845 8184 8395 5297 8093 8071 5049 4914 4848 
7163 8196 8038 8037 5780 5055 7580 5660 7987 5605 7842 5276 5245 7969 8097 8061 
7080 8202 8497 8354 5784 5017 7828 5504 7822 5341 8042 5158 5037 8161 8230 8287 
6048 5032 4983 5019 7486 8308 5582 7610 8327 8327 5365 7906 8264 5287 5071 4845 
7083 8028 8241 8065 5664 4924 7561 5402 7729 5386 7831 5061 5138 8259 8059 8006 
5095 5421 5202 5402 5035 4895 5277 5026 7804 5292 5278 4986 4988 5256 5204 5132 
7176 8034 8093 8165 5865 5274 7557 5798 7911 5696 7663 5581 5510 7918 7910 7826 
6111 5269 5350 5379 7197 8013 5961 7499 8250 7820 5685 7520 7755 5612 5305 5401 
7098 8282 8404 8291 5679 4981 7769 5574 7897 5262 8082 5255 5117 8216 8439 8182 
7053 7635 7672 7654 6044 5497 7476 5928 7944 5883 7394 5625 5496 7639 7604 7523 
6040 5032 5082 5083 7653 8272 5631 7851 8428 8224 5254 8129 8378 5110 5006 5024 