2625 3597 3636 3542 330 256 2947 637 7040 963 2832 616 228 2642 3653 3566 
2104 6619 6831 6468 711 134 4907 1016 7088 642 5027 192 204 5257 6619 6478 
348 237 252 263 3435 4737 658 4110 7688 4793 568 3744 4157 520 256 238 
479 84 120 103 4932 8164 829 6691 8367 8021 291 6311 6329 170 91 84 
452 89 90 137 5117 8550 851 6567 8544 7987 307 6418 6330 152 84 84 
598 118 156 132 4700 7753 865 6101 8195 7494 296 6023 5940 209 104 114 
2662 7082 7124 6883 529 213 5361 992 7009 740 5068 331 193 5221 7276 7100 
2584 8322 8227 7900 638 210 6049 1131 7175 704 5718 257 186 5788 8190 8030 
494 199 241 221 4631 7599 841 6171 8182 7527 329 5915 5749 344 227 199 
2222 6841 6815 6711 476 156 4975 928 7018 629 4723 220 181 5094 6899 6851 
177 222 211 231 143 115 205 190 7129 605 206 129 147 207 219 208 
2311 5018 5185 4962 463 237 4138 803 7194 880 3737 450 216 3880 5138 5038 
536 304 289 275 3039 4240 629 3751 7931 4507 493 3579 3745 462 256 245 
2255 7026 6891 6784 666 116 5187 992 7043 658 5121 217 156 5427 6946 6913 
2663 4197 4148 3936 393 299 3328 730 7028 951 3209 588 245 2915 4185 4030 
686 135 135 136 3866 6336 878 5231 7794 6712 252 5237 4991 184 131 122 
