2118 1491 1386 1125 110 92 1463 217 6898 762 1266 459 79 692 1388 1374 
411 4367 4405 4113 440 86 2959 582 7072 254 2686 94 130 3186 4408 4231 
87 102 82 106 2347 3014 160 2713 7693 3148 379 1898 2617 426 79 75 
136 46 62 81 3840 7890 285 6439 8197 7544 139 5109 4807 97 44 39 
145 58 72 90 3835 8166 322 6366 8268 7646 148 5326 4811 113 60 60 
285 68 86 108 3289 6711 329 5385 8302 6652 147 4549 4169 111 102 77 
1118 6378 6652 5511 169 118 4507 613 7154 458 3607 245 120 3259 6622 6415 
730 7709 8051 6704 201 165 5481 741 7023 337 4325 168 139 3878 8215 8002 
156 160 163 154 3552 7121 273 5744 8148 6708 215 4538 4298 187 167 157 
613 5512 5741 5038 215 115 3956 633 7013 288 3184 132 90 2990 5852 5945 
77 113 112 136 93 75 107 150 6999 265 89 76 69 87 115 107 
1302 2821 2827 2595 149 118 2252 376 7024 599 1864 294 81 1567 2929 2901 
316 105 84 124 1413 1445 322 1350 7232 2090 376 1334 1556 407 92 104 
451 5034 5211 4659 344 92 3488 621 7169 259 2937 91 118 3392 5198 5200 
2075 2206 2141 1798 102 106 2038 273 7006 771 1598 447 70 1095 2205 2213 
552 95 85 81 1951 4048 501 3175 7672 4452 119 3229 2430 84 81 67 
