94 49 31 22 44 27 87 63 6292 112 66 27 28 23 28 28 
24 39 16 462 341 38 51 225 6487 90 459 32 78 965 38 32 
18 16 18 50 1265 94 71 416 6394 562 326 40 1422 373 24 13 
20 20 31 40 1056 4692 88 4914 8124 5067 67 918 1191 27 24 23 
34 35 31 41 1034 5643 99 5964 8111 5998 85 1128 1231 29 35 29 
167 33 41 40 589 3273 187 3212 7534 4345 86 1257 662 30 34 32 
544 2220 5070 1176 44 61 2577 130 6393 305 365 135 39 106 3225 2233 
43 2855 8145 1908 64 100 3535 187 6193 149 124 52 52 125 5138 3004 
48 58 93 82 1101 4619 86 4628 7884 4875 87 887 1253 107 73 38 
42 1120 3055 1149 90 72 1544 174 6169 101 252 38 46 442 2249 1175 
23 25 21 30 30 45 56 108 6241 78 40 29 18 29 24 20 
664 53 23 31 35 42 241 84 6533 436 174 228 30 31 30 48 
108 21 16 27 131 37 72 97 6286 149 88 105 81 114 17 15 
21 61 54 812 277 28 87 274 6392 98 609 29 57 1346 118 79 
1695 280 27 19 30 24 513 60 6878 726 528 385 29 15 30 185 
352 14 25 20 26 501 401 101 6835 2038 80 1450 33 24 21 13 
