1967 1051 932 676 61 78 1111 140 7099 733 950 329 71 376 904 921 
221 3363 3589 3405 421 72 2382 531 6904 218 2109 87 92 2591 3495 3634 
70 65 72 88 1946 2514 133 2225 7380 2673 373 1507 2296 420 93 81 
106 46 52 73 3437 7684 221 6404 8302 7361 155 4909 4587 91 52 36 
89 55 72 87 3503 7978 235 6374 8291 7344 137 4833 4523 89 59 41 
289 74 78 116 2831 6550 328 5170 8012 6312 141 4212 3710 90 80 65 
913 5826 6290 4993 126 133 4304 571 7018 408 3121 191 91 2609 6439 6212 
452 7431 8138 6443 162 162 5332 638 7076 312 3638 149 108 3366 8149 7911 
125 127 128 162 3226 6952 246 5803 8102 6378 197 4265 4018 194 166 126 
339 5148 5564 4415 172 115 3645 511 6983 240 2707 103 105 2524 5652 5505 
72 88 88 91 88 88 113 134 6884 186 101 90 85 76 111 80 
1223 2172 2287 1867 119 87 1817 253 6841 541 1417 299 72 978 2171 2268 
328 60 90 82 1062 813 280 851 7144 1499 334 901 1135 360 89 82 
256 4183 4593 4030 355 75 3015 496 6930 207 2579 79 85 2772 4468 4463 
2010 1668 1636 1215 79 87 1560 211 7241 767 1224 421 68 686 1584 1617 
561 51 61 59 1357 3162 508 2568 7452 3835 114 2679 1745 64 66 62 
