5910 6923 7114 7018 4091 3401 6485 4000 7577 3974 6691 3646 3434 6893 6991 7077 
6248 8177 8296 8302 3672 2575 7145 3311 7540 3149 7833 2843 2574 8050 8075 8110 
4476 3225 3259 3292 6509 7417 3947 6740 8190 7565 3588 7060 7331 3341 3146 3213 
4315 2465 2386 2518 6941 8194 3592 7301 8299 8214 2960 7822 8145 2691 2486 2487 
4299 2566 2512 2539 7066 8454 3627 7529 8205 8453 3055 8148 8244 2638 2492 2508 
4244 2583 2551 2497 7000 8501 3581 7400 8354 8462 3095 7941 8182 2748 2583 2520 
6170 7934 7981 7965 3917 2845 7080 3535 7545 3369 7489 3086 2858 7815 8162 7929 
6379 8280 8289 8298 3764 2635 7276 3449 7677 3233 7866 2935 2785 7924 8208 8202 
4305 2710 2660 2912 6831 8145 3649 7269 8268 8079 3125 7791 7928 2923 2640 2675 
6110 7865 8044 7895 3873 2646 6922 3497 7506 3232 7422 2825 2549 7603 8067 7860 
2832 3004 3067 2978 2694 2499 2932 2626 7481 3108 2938 2509 2501 2899 2953 2937 
6036 7666 7657 7604 3986 3062 6713 3707 7703 3552 7163 3287 3266 7391 7620 7572 
4503 3229 3261 3245 6337 7398 3848 6774 8258 7607 3572 7145 7209 3389 3197 3068 
6342 8297 8333 8345 3783 2510 7239 3453 7690 3135 7763 2773 2709 7916 8338 8284 
6043 7243 7070 7058 4312 3487 6435 3978 7610 4057 6787 3688 3359 6992 6973 7096 
4313 2570 2638 2689 7020 8178 3528 7401 8391 8358 2998 8007 8255 2654 2526 2523 
