2504 3506 3413 3256 292 245 2977 586 7084 936 2604 563 194 2329 3478 3422 
1939 6679 6433 6429 651 124 4927 872 7140 593 4796 199 161 5062 6453 6396 
303 208 242 227 3391 4682 548 3854 7609 4699 532 3653 4039 513 191 198 
370 80 72 101 4871 8105 738 6480 8227 7937 265 6365 6106 154 88 68 
439 98 80 111 4852 8248 771 6569 8208 8204 267 6274 6159 170 82 81 
503 126 110 135 4573 7777 770 6096 8010 7434 278 5916 5857 152 135 129 
2512 7193 7030 6851 464 193 5306 954 7173 729 4892 283 192 4928 7058 6832 
2457 8274 7974 8000 466 234 5978 1061 7206 628 5602 206 223 5718 8305 8011 
438 204 202 196 4511 7526 792 6143 7994 7302 327 5776 5823 265 190 181 
2028 6690 6595 6416 451 154 5015 895 7165 545 4738 186 157 4753 6787 6747 
133 204 196 204 138 116 179 142 7029 570 208 112 139 174 194 186 
2263 4982 4891 4800 420 194 3810 747 7132 819 3618 378 186 3398 4860 5049 
489 220 239 245 2930 4027 589 3489 7805 4285 491 3264 3426 483 237 215 
2016 6939 6728 6698 570 123 4981 951 7028 544 4920 149 169 5153 6749 6801 
2543 3920 3939 3833 323 253 3284 699 6981 940 3003 555 224 2819 4041 3970 
706 105 123 139 3686 6124 774 5142 8072 6289 239 5120 4715 157 145 112 
