4391 6007 6089 6070 2080 1350 5116 1968 7465 2135 5451 1617 1351 5380 6011 5851 
4922 8154 8180 8089 1913 605 6466 1775 7076 1432 7155 864 734 7583 8094 8017 
2132 1165 1169 1178 5153 6631 2036 5677 7995 6822 1650 5896 6335 1371 1242 1198 
2204 572 590 579 6103 8417 1821 7020 8175 8092 1142 7339 7603 775 578 589 
2239 538 644 589 6323 8305 1843 6927 8172 8394 1099 7446 7572 705 604 640 
2239 653 611 634 5992 8287 1838 6976 8195 8234 1135 7406 7611 812 596 637 
4952 7801 7665 7758 2020 876 6333 1866 7271 1554 6859 1104 865 7174 7726 7684 
5103 8229 8123 8062 2004 686 6783 1849 7234 1461 7259 934 779 7444 8190 8289 
2318 839 859 782 6000 7874 1877 6702 8156 7902 1226 7227 7477 913 786 765 
4752 7480 7729 7742 1871 624 6178 1711 7537 1324 6606 902 748 6959 7570 7534 
871 958 1032 1031 764 633 927 725 7161 1367 922 653 625 967 957 935 
4650 7049 7092 6858 1999 1044 5916 1935 7046 1766 6059 1308 1065 6375 6965 6765 
2240 1133 1253 1138 5234 6571 1992 5710 8044 6886 1565 6057 6435 1374 1180 1084 
5027 7965 8201 8223 1992 651 6625 1673 7344 1345 7153 917 745 7389 8126 8119 
4482 6290 6256 6326 2136 1294 5301 1965 7325 2059 5607 1651 1366 5594 6209 6354 
2288 671 667 679 6008 8265 1923 6938 8402 8091 1081 7319 7699 819 640 649 
