1320 442 186 110 40 40 532 80 6827 404 600 156 46 62 160 317 
79 570 517 1285 413 48 427 380 6825 135 934 47 90 1681 516 570 
40 20 49 83 1483 945 88 1111 7008 1353 351 496 1624 367 37 32 
54 41 51 49 2528 6988 132 6044 8181 6774 99 3581 3145 53 32 19 
49 45 35 61 2473 7080 155 6114 8297 6702 108 3653 3114 43 30 35 
221 56 53 66 1848 5291 242 4441 7961 5335 81 2801 2251 61 66 64 
698 4407 5860 3384 87 93 3625 224 6522 346 1638 191 71 938 5914 4613 
163 5868 8113 4834 106 119 4889 336 6677 195 1968 110 105 1251 8125 6228 
70 111 127 129 2326 5901 150 5206 7978 5710 169 2885 2834 146 104 89 
103 3213 4713 2809 127 81 2899 271 6758 170 1341 64 74 1002 4700 3570 
45 53 52 47 62 72 61 116 6737 116 79 53 41 44 46 50 
1166 525 334 290 54 60 604 98 6603 449 508 251 39 146 360 439 
265 37 40 72 590 142 221 253 6719 657 276 404 565 341 46 31 
78 1470 1888 1975 322 53 1153 369 6741 117 1192 50 69 1851 1811 1652 
2030 809 371 231 50 56 820 85 6763 737 766 417 38 70 345 557 
511 32 26 39 277 1027 471 659 7183 2418 108 1575 293 37 37 32 
