2751 3819 3939 3839 430 277 3262 711 7023 1037 3030 677 266 2800 3872 3887 
2444 6793 6858 6802 767 146 5018 964 7076 654 5304 186 213 5446 6934 6621 
396 252 251 286 3643 4875 667 4016 7901 5040 610 3984 4422 560 268 279 
500 79 108 113 5086 8161 892 6703 8223 8260 284 6450 6352 186 110 89 
532 103 117 131 5023 8179 903 6935 8343 8193 316 6713 6455 181 113 96 
624 125 146 173 4816 7654 920 6339 8182 7621 305 6207 5948 204 124 122 
2811 7272 7256 7126 633 200 5350 1021 7041 780 5369 357 240 5339 7184 7056 
2787 7992 8097 8080 649 232 5995 1096 7144 718 5945 276 255 6043 8157 8023 
601 226 212 248 4817 7541 947 6212 7975 7422 430 6013 5985 333 223 225 
2505 6819 6893 6794 555 172 5158 969 7053 641 5050 219 175 5171 6806 6692 
150 214 243 223 146 116 264 190 7084 611 239 136 128 244 234 197 
2616 5416 5396 5201 531 284 4128 799 7093 874 4107 426 232 3886 5444 5312 
558 305 279 299 3263 4673 727 3867 7871 4750 565 3731 3997 530 286 263 
2491 7072 7104 6834 731 155 5246 1059 7287 634 5340 200 220 5544 7087 6981 
2792 4459 4324 4182 471 332 3618 773 7076 1044 3551 632 252 3181 4398 4258 
827 156 154 154 4082 6703 885 5532 8075 6849 305 5545 5293 189 139 140 
