6417 7130 7236 7249 4868 4343 6868 4900 7654 4765 6923 4554 4438 7223 7220 7175 
6614 8062 8183 8288 4616 3517 7490 4243 7663 3960 7912 3765 3598 8092 8310 8421 
5266 4162 4176 4154 6923 7651 4785 7049 8121 7665 4547 7264 7463 4286 4224 4064 
5040 3474 3500 3586 7256 8286 4331 7717 8416 8380 3895 8030 8400 3592 3633 3568 
5123 3454 3468 3559 7141 8281 4491 7433 8236 8308 4065 8085 8335 3594 3594 3431 
5167 3538 3616 3574 7021 8391 4483 7476 8327 8339 3981 7850 8230 3647 3506 3468 
6807 8156 8214 8119 4618 3884 7225 4434 7527 4392 7746 4098 4010 8064 8162 8069 
6631 8297 8215 8236 4760 3735 7449 4224 7710 4113 7711 3713 3628 7958 8314 8162 
5133 3633 3602 3729 7259 8143 4464 7391 8184 8100 4083 7837 8125 3907 3721 3643 
6555 8020 7998 7892 4496 3584 7180 4178 7847 4124 7644 3738 3510 7823 8182 7877 
3752 3951 3834 3861 3630 3502 3796 3727 7582 4028 3773 3644 3644 3876 4035 3869 
6563 7770 7719 7757 4892 3942 7334 4552 7880 4408 7393 4240 4129 7528 7714 7701 
5123 4155 4171 4118 6702 7527 4734 7127 8174 7618 4428 7516 7708 4202 4183 4039 
6811 8386 8182 8347 4566 3560 7448 4294 7689 4205 7787 3792 3613 8131 8211 8100 
6457 7643 7334 7256 5051 4289 6893 4765 7651 4680 7109 4579 4381 7283 7488 7454 
5034 3480 3519 3652 7189 8242 4391 7647 8224 8254 3999 8123 8271 3566 3599 3469 