4841 6401 6306 6442 2693 1954 5588 2610 7492 2558 5765 2119 1958 6009 6301 6317 
5414 8203 8098 8370 2374 1080 6861 2124 7204 1853 7468 1306 1216 7561 8302 8234 
2875 1738 1676 1705 5659 6653 2577 5980 8113 6912 2140 6371 6819 1900 1727 1733 
2830 1032 962 1049 6433 8452 2304 7341 8246 8191 1604 7600 7995 1212 1027 1018 
2922 1018 1022 1075 6428 8325 2213 7120 8392 8377 1539 7664 7886 1183 1018 1018 
2893 1060 1004 1100 6461 8382 2263 7072 8345 8247 1563 7561 7924 1246 1048 1009 
5425 7845 7906 7886 2550 1311 6449 2176 7407 2006 7062 1586 1359 7355 7758 7721 
5517 8009 8166 8290 2643 1175 6822 2222 7387 1945 7579 1329 1197 7654 8183 8236 
3000 1212 1308 1236 6209 7949 2294 6780 8212 8000 1709 7326 7660 1448 1189 1204 
5394 7750 7906 7817 2390 1057 6480 2109 7316 1801 7065 1409 1122 7331 7853 7890 
1338 1446 1468 1460 1128 1089 1394 1122 7370 1865 1488 1059 1103 1407 1396 1435 
5106 7260 7334 7153 2595 1592 6108 2328 7284 2330 6585 1830 1611 6668 7237 7137 
2971 1756 1750 1797 5745 7009 2464 6126 7919 6955 2053 6590 6780 1780 1668 1695 
5513 8294 8213 8252 2427 1141 6917 2163 7389 1766 7414 1338 1148 7593 8240 8150 
4909 6550 6525 6547 2746 1912 5697 2607 7262 2635 6263 2223 1863 6148 6765 6488 
2961 956 1082 1044 6370 8204 2268 7185 8408 8306 1536 7679 7838 1244 1074 1056 
