64 23 29 24 27 17 50 64 6141 132 52 29 21 23 29 28 
15 23 16 329 313 26 44 212 6665 96 376 33 65 796 31 24 
19 12 23 54 1276 75 64 390 6392 462 368 42 1338 367 21 20 
16 24 32 38 881 4268 94 4625 7768 4723 56 591 899 25 18 19 
26 24 37 50 728 5361 108 5785 8298 5734 76 690 804 31 25 17 
113 39 45 40 427 3053 185 2725 7538 4008 66 1025 391 36 27 22 
559 1891 5005 735 41 53 2251 121 6195 271 248 135 46 47 2723 1831 
47 2317 8021 1305 65 97 3395 169 6037 143 88 41 50 76 4514 2374 
34 46 82 79 819 4214 89 4549 7751 4759 123 593 853 94 57 41 
32 825 2905 886 90 52 1221 156 6091 89 185 39 44 453 1820 903 
13 16 31 28 46 32 51 82 6054 92 44 28 30 21 26 23 
535 44 17 27 30 39 155 78 6526 353 124 143 23 30 18 36 
101 17 11 20 90 29 57 96 6118 119 68 56 54 70 22 18 
21 43 28 720 215 25 62 268 6297 79 527 34 42 1126 77 50 
1435 150 19 15 23 34 546 74 6738 710 444 374 23 23 15 102 
317 17 15 26 26 508 442 100 6717 2062 68 1454 30 21 14 23 
