119 46 44 25 23 25 57 56 6365 176 85 40 24 20 31 38 
25 36 26 503 322 25 44 234 6542 97 468 28 68 949 38 48 
19 23 23 50 1241 114 59 438 6568 561 327 58 1367 380 30 16 
32 25 24 45 1115 4968 86 5004 7789 5082 81 1068 1340 30 29 18 
33 43 33 44 1098 5893 103 5751 8246 6009 77 1244 1357 28 21 32 
155 44 42 42 559 3374 208 3171 7670 4459 78 1392 740 33 43 43 
603 2279 5170 1328 48 68 2533 108 6280 291 334 122 34 82 3468 2402 
42 2984 8106 2063 50 84 3660 184 6158 154 162 59 52 144 5435 3262 
55 64 91 81 1077 4456 119 4735 7796 4855 135 1059 1264 125 74 45 
36 1259 3221 1198 85 42 1572 161 6069 104 278 35 54 488 2362 1383 
29 35 38 33 34 43 50 82 6224 83 37 39 28 20 19 23 
780 69 33 19 24 32 261 78 6618 463 207 196 23 25 28 46 
135 22 18 35 147 24 72 105 6035 181 96 104 110 129 19 25 
30 81 44 847 301 30 85 275 6434 82 657 20 56 1335 129 100 
1761 294 26 22 30 36 542 60 6876 705 553 381 25 25 27 168 
405 26 26 28 26 489 427 113 6877 2121 53 1428 33 24 24 21 
