228 88 46 25 18 29 92 55 6249 170 112 25 36 26 41 57 
26 53 32 559 388 32 62 258 6602 103 534 39 69 1102 58 53 
27 19 21 59 1274 137 57 444 6536 613 361 62 1375 375 24 24 
20 27 30 40 1286 5232 95 5145 8130 5379 59 1363 1537 27 26 19 
27 32 34 40 1225 5914 107 5812 8252 6108 67 1584 1477 25 36 17 
157 38 40 44 778 3730 234 3371 7842 4392 83 1579 873 42 38 34 
584 2501 5243 1527 60 63 2597 147 6365 277 417 163 57 127 3755 2542 
47 3390 8022 2459 79 117 3927 205 6377 147 225 53 64 168 5947 3630 
42 49 109 81 1194 4865 102 4704 7929 5050 135 1303 1562 116 91 60 
59 1446 3441 1359 104 65 1670 182 6279 97 330 55 49 442 2519 1594 
31 35 41 28 36 35 57 85 6227 83 48 40 20 38 40 31 
845 82 39 36 24 39 300 86 6607 478 231 248 31 34 44 75 
161 22 22 35 203 35 93 122 6490 216 142 130 129 157 26 22 
28 126 86 951 305 44 134 270 6511 91 732 31 72 1454 166 116 
1909 384 26 37 29 44 613 87 6941 699 623 385 28 28 41 232 
435 29 26 19 46 550 440 126 6916 2126 68 1389 31 19 19 19 
