2956 4023 4068 4050 501 330 3417 822 7030 1117 3244 683 363 3085 4097 3899 
2569 7074 7169 6938 824 154 5261 1077 7140 645 5440 229 238 5663 7006 6984 
461 291 321 350 3726 5066 798 4388 7918 5148 636 4201 4508 581 319 290 
622 110 115 127 5287 8495 978 6723 8029 8148 356 6598 6568 198 118 102 
623 123 110 111 5050 8473 932 6583 8422 8125 345 6597 6534 205 129 95 
737 162 164 159 4860 7812 1014 6412 8367 7799 333 6498 6276 229 146 126 
3128 7296 7089 7202 720 237 5620 1074 7169 792 5620 360 242 5616 7240 7148 
2931 8119 8089 8065 782 210 6174 1117 7135 774 6235 281 264 6307 8230 8047 
671 241 230 235 4930 7745 972 6265 8148 7580 435 6236 6307 365 219 231 
2744 6944 6974 6908 639 164 5175 986 7050 675 5292 229 211 5289 6944 6940 
200 267 297 239 185 166 237 217 7003 701 230 141 146 285 249 261 
2809 5553 5618 5419 594 266 4443 934 7128 966 4416 507 301 4278 5547 5542 
657 289 356 355 3572 4863 837 4098 7670 5035 564 4030 4180 540 314 333 
2725 7368 7377 7403 790 177 5303 1038 7256 700 5648 225 225 5727 7597 7407 
2952 4422 4573 4472 596 365 3785 831 7088 1107 3573 683 345 3583 4526 4573 
897 171 149 154 4419 7017 920 5635 8015 6935 345 5772 5568 223 146 130 
