2223 2022 1977 1816 95 123 1911 261 7004 835 1597 478 93 1154 2074 2000 
727 4913 5029 4863 490 89 3554 666 7067 327 3351 110 140 3647 5047 5129 
112 109 108 124 2588 3551 267 3124 7562 3604 424 2471 2900 439 120 98 
185 58 64 82 4228 7951 415 6424 8374 7755 160 5543 5221 107 61 50 
197 57 64 84 4093 8116 368 6507 8349 7443 190 5527 5377 110 64 60 
379 90 115 98 3700 7094 441 5720 8099 6912 180 5094 4701 100 73 85 
1362 6689 6807 5985 245 118 4884 711 6988 478 3979 240 134 3781 6664 6666 
1178 8101 8203 7265 254 184 5805 835 7099 416 4647 199 179 4645 8142 8155 
237 159 199 190 3847 7241 390 5872 7977 6776 254 5030 4897 231 150 155 
961 6098 6184 5415 251 118 4343 686 7186 385 3608 139 107 3618 6226 6033 
85 119 130 142 90 106 124 122 6979 375 119 66 88 118 114 111 
1501 3590 3631 3158 144 114 2719 450 6957 669 2340 308 113 2090 3661 3596 
369 108 150 132 1868 2309 372 2057 7402 2756 386 1846 2050 407 136 106 
813 5660 5778 5178 459 94 4046 666 7001 360 3609 108 139 3820 5808 5778 
2066 2707 2713 2472 151 146 2338 375 7015 848 1979 488 112 1555 2733 2626 
582 89 81 85 2503 4829 531 3809 7574 4990 136 3870 2998 110 96 58 
