1960 1143 1037 868 65 75 1182 166 6979 681 1051 399 71 473 1058 1041 
269 3667 3904 3604 427 75 2557 504 6949 232 2353 79 111 2738 3903 3854 
85 74 97 114 1985 2663 162 2477 7363 2805 390 1738 2479 412 65 59 
93 49 63 78 3671 7733 268 6310 8253 7360 142 4995 4724 76 52 46 
86 31 64 75 3558 7917 239 6432 8360 7382 118 4980 4420 86 53 57 
258 83 87 102 3069 6524 315 5265 8071 6251 149 4454 3825 91 86 62 
1053 5952 6503 5064 164 136 4387 545 6898 440 3250 223 106 2857 6463 6393 
550 7552 8186 6574 180 154 5335 714 6975 313 3968 148 132 3670 8077 8025 
135 134 165 136 3218 6993 255 5603 8023 6490 188 4462 4277 198 139 101 
467 5270 5641 4711 192 95 3671 552 7003 245 2777 95 100 2643 5724 5662 
76 108 98 118 67 81 100 139 7122 231 119 69 67 94 102 105 
1257 2377 2462 2083 100 83 1882 254 7086 558 1487 302 66 1185 2465 2479 
344 89 99 98 1249 1012 303 882 7165 1625 358 985 1234 365 102 79 
358 4482 4648 4210 378 86 3183 544 7154 219 2686 73 102 2902 4792 4735 
2028 1846 1800 1486 78 81 1694 229 6989 740 1308 458 88 876 1790 1747 
516 56 63 64 1494 3538 513 2732 7590 4121 109 2784 1959 65 75 61 
