755 229 70 59 26 28 288 55 6565 279 368 87 28 29 56 145 
41 96 90 761 362 35 130 318 6743 141 687 39 73 1313 102 139 
28 18 26 58 1257 306 78 586 6771 749 358 138 1367 378 36 25 
34 26 47 39 1906 6386 98 5671 8200 6142 84 2341 2253 35 33 31 
27 32 36 64 1818 6443 117 5970 8237 6414 101 2548 2370 35 33 35 
191 48 54 57 1173 4395 226 3980 7806 5046 102 2145 1467 42 46 30 
592 3199 5614 2363 55 85 3101 169 6611 327 838 154 57 310 4856 3700 
87 4344 8148 3433 86 133 4278 222 6436 183 805 82 70 363 7106 4777 
48 78 114 92 1768 5439 99 5007 7955 5491 157 2106 2067 141 110 91 
55 2154 3971 2016 109 63 2163 218 6395 132 569 63 74 599 3700 2334 
38 52 44 45 41 60 38 112 6552 106 73 34 32 31 47 36 
1062 177 74 71 33 48 350 92 6773 433 310 243 33 52 66 126 
235 29 35 69 426 61 153 180 6592 351 238 250 313 254 26 31 
39 367 347 1255 334 39 309 347 6546 91 893 38 72 1681 407 415 
1874 552 113 66 31 41 658 78 6977 727 628 425 25 31 98 386 
516 36 34 36 67 597 448 269 6896 2256 69 1397 112 25 33 30 
