5328 6540 6676 6688 3311 2520 6054 3016 7558 2959 6328 2758 2447 6400 6693 6509 
5771 8138 8141 7993 2969 1603 7051 2592 7433 2226 7543 1926 1713 8046 8320 8289 
3466 2285 2281 2252 5941 7315 3048 6396 8079 7118 2730 6493 6952 2407 2260 2224 
3494 1529 1582 1525 6698 8304 2825 7114 8207 8275 2053 7807 8031 1666 1547 1502 
3558 1529 1531 1529 6632 8258 2665 7128 8157 8430 1946 7787 8014 1684 1527 1533 
3469 1521 1562 1555 6579 8335 2665 7191 8311 8333 2177 7723 7988 1709 1578 1544 
5684 7870 7878 8058 3013 1773 6810 2737 7383 2547 7248 2138 1873 7548 8115 7817 
5925 8301 8189 8169 2903 1607 6971 2711 7547 2417 7414 1886 1735 8099 8243 8163 
3565 1752 1832 1747 6542 8018 2875 7022 8364 8009 2261 7479 7710 1887 1747 1712 
5636 7822 8096 7941 2785 1601 6751 2488 7499 2286 7398 1932 1666 7484 7642 7694 
1894 2049 1968 1975 1598 1530 1938 1635 7308 2239 1895 1625 1646 1997 1988 1969 
5481 7482 7473 7245 3160 2083 6415 2906 7545 2773 6894 2322 2234 7038 7490 7474 
3666 2233 2287 2229 5976 7239 3054 6455 8072 7291 2723 6842 7103 2305 2285 2190 
5929 8264 8357 8285 2915 1609 7142 2600 7368 2335 7557 1817 1679 7815 8270 8318 
5354 6929 6817 6763 3265 2474 5824 3102 7615 3088 6266 2680 2419 6550 6673 6648 
3465 1597 1574 1572 6468 8019 2727 7199 8424 8386 2051 7830 8153 1788 1620 1522 
