1606 522 293 199 30 43 675 67 6811 475 705 229 42 89 275 417 
99 1124 1119 1593 442 64 776 374 6860 144 1168 68 104 1856 1131 1133 
42 37 59 93 1650 1372 93 1417 7220 1558 385 707 1723 385 42 33 
70 41 32 76 2700 7196 131 6207 8259 6915 111 3885 3541 64 34 22 
57 35 38 74 2859 7267 166 6198 8387 6902 113 3796 3521 50 49 45 
240 71 92 94 2085 5504 231 4635 8063 5732 103 3272 2603 64 63 59 
709 4633 6100 3958 104 103 3783 293 6778 326 2069 184 75 1331 5971 5150 
193 6261 8048 5177 135 157 5057 428 6806 223 2453 108 96 1871 8276 6942 
74 113 127 128 2614 6291 170 5327 8028 6028 158 3352 3309 153 113 100 
147 3861 5094 3434 143 84 3065 291 6692 162 1709 69 74 1400 4986 4196 
51 59 68 51 71 54 84 124 6908 144 82 62 67 68 56 49 
1166 829 743 580 51 64 832 138 6845 438 633 283 45 324 679 794 
350 53 50 95 708 196 242 308 6868 834 298 473 676 328 63 38 
94 2312 2960 2600 342 51 1778 387 6743 110 1509 52 91 2071 2899 2525 
2046 880 557 414 50 60 1001 75 6961 751 848 421 42 148 557 745 
489 35 46 43 411 1525 442 995 7053 2784 76 1816 571 44 34 33 
