1738 628 507 329 35 53 818 93 6636 595 800 289 58 182 455 547 
149 1975 2263 2389 431 77 1425 435 6842 165 1520 65 92 2059 2254 2130 
52 50 50 84 1721 1903 113 1811 7382 2076 385 1036 2012 404 71 46 
71 46 51 67 3131 7462 164 6233 8167 7025 131 4341 3886 76 62 42 
87 52 45 76 2953 7293 189 6257 8362 6955 148 4238 4008 59 47 52 
252 66 81 97 2292 6026 276 4869 7985 5943 124 3600 3118 66 84 62 
790 5239 6141 4357 138 110 4046 406 6842 336 2438 209 99 1865 6045 5609 
265 7038 8054 5801 151 160 5133 522 6949 209 3042 113 114 2526 8154 7432 
95 121 162 132 2860 6515 192 5469 8205 6191 183 3648 3603 184 117 109 
197 4426 5148 3863 167 103 3347 429 6901 194 2017 104 84 1873 5311 4670 
52 65 76 70 64 66 72 128 6835 142 89 67 57 86 57 71 
1227 1326 1340 1006 55 55 1189 170 6906 502 876 280 73 538 1350 1315 
347 62 72 83 818 355 267 445 7066 1017 334 596 830 355 70 57 
120 3127 3653 3229 347 65 2275 459 6886 154 1856 61 71 2299 3742 3448 
1964 1110 946 657 59 83 1143 119 6926 765 964 424 37 304 908 1059 
554 62 48 52 785 2136 432 1576 7222 3032 108 2095 931 48 41 54 
