348 121 45 45 32 28 144 65 6442 212 152 52 22 21 41 69 
32 71 39 601 370 44 64 284 6669 90 559 49 79 1190 48 70 
22 26 32 64 1232 184 61 505 6612 606 348 83 1352 343 17 19 
26 29 37 38 1451 5577 87 5195 8211 5705 76 1711 1699 34 29 23 
36 27 41 52 1517 6198 105 5817 8252 6146 71 1868 1787 39 39 22 
196 31 48 49 933 3891 213 3429 7632 4642 86 1673 1029 40 45 25 
631 2723 5387 1891 62 75 2895 164 6462 286 456 146 46 176 4203 2892 
53 3837 8204 2717 108 121 3899 197 6399 149 308 68 52 256 6598 4058 
44 88 117 86 1453 5021 104 4840 7839 5218 112 1594 1661 104 85 64 
40 1720 3501 1629 92 69 1720 190 6306 128 365 54 43 481 2991 1883 
27 29 40 38 40 58 56 89 6329 95 53 40 40 39 35 27 
949 121 47 52 40 55 286 70 6635 484 261 265 29 39 43 66 
172 23 23 50 268 39 91 146 6234 264 157 132 179 230 29 30 
35 168 118 1015 297 28 128 326 6661 88 726 32 64 1532 210 169 
1943 435 50 33 25 28 625 72 6887 744 649 399 26 28 44 275 
436 42 21 35 39 533 435 165 6912 2111 52 1428 43 14 28 13 
