1252 389 161 126 36 43 475 80 6662 400 531 159 33 47 168 264 
71 471 450 1140 414 56 322 371 6708 129 954 36 94 1609 452 488 
31 37 46 92 1445 828 71 987 7001 1156 334 414 1540 404 30 36 
38 42 41 29 2459 6957 103 6192 8299 6682 103 3314 2939 52 27 27 
44 44 34 68 2371 7058 147 6142 8323 6695 101 3388 3013 62 45 33 
219 65 73 75 1710 5135 206 4354 7871 5306 109 2724 2197 64 62 49 
657 4186 5808 3278 89 87 3523 255 6614 342 1531 194 61 824 5597 4421 
136 5681 8128 4610 121 137 4753 298 6693 192 1855 90 76 1028 8030 6133 
69 112 119 98 2227 5884 143 5236 7964 5627 149 2799 2761 168 114 79 
109 3214 4523 2750 119 78 2677 271 6647 138 1196 82 75 935 4484 3343 
46 37 66 66 44 58 72 106 6791 121 73 47 34 53 69 42 
1093 458 312 212 66 56 578 84 6622 449 487 241 52 105 281 367 
253 29 51 82 555 78 202 249 6736 590 270 364 504 324 33 28 
75 1207 1538 1791 324 45 973 387 6691 110 1102 49 78 1867 1615 1375 
1933 705 300 197 31 53 754 76 6845 659 710 415 49 68 311 552 
513 44 32 38 213 982 498 506 6995 2443 73 1482 261 31 37 42 
