968 268 82 59 33 23 324 70 6542 295 448 108 36 41 78 198 
51 195 156 888 379 45 166 337 6673 105 755 45 76 1522 158 214 
37 29 29 52 1314 468 76 659 6737 790 306 210 1472 360 30 30 
37 24 53 30 1981 6510 117 5813 8153 6382 86 2707 2466 37 33 29 
33 32 41 57 1961 6718 120 6000 8378 6670 104 2823 2577 42 26 24 
187 50 60 61 1383 4674 258 4018 7775 4992 113 2336 1631 43 52 59 
636 3560 5563 2724 79 81 3227 172 6654 314 1091 164 57 405 5202 3819 
95 4841 8223 3962 99 158 4362 237 6424 188 1154 90 78 558 7711 5309 
73 80 106 115 1908 5691 126 5014 7961 5544 146 2370 2365 140 110 75 
65 2565 4183 2343 139 76 2323 230 6746 104 821 79 49 655 3900 2741 
41 45 51 56 41 53 75 76 6539 88 60 43 32 40 44 42 
1010 235 120 110 38 42 423 102 6656 451 403 226 36 64 92 207 
241 34 36 56 476 67 178 191 6560 464 254 280 372 318 29 20 
61 527 631 1421 299 42 438 346 6582 106 964 40 71 1693 679 614 
1983 621 150 100 30 38 770 76 6979 698 728 415 29 44 139 418 
494 25 39 31 125 688 467 298 6902 2191 81 1441 126 30 27 27 
