447 147 53 36 30 31 163 58 6480 212 205 58 30 22 62 101 
30 85 44 646 376 35 91 271 6647 105 590 34 66 1180 57 101 
23 24 26 54 1287 184 51 493 6645 603 326 112 1342 336 32 29 
17 29 38 56 1548 5677 97 5393 7992 5873 83 1843 1873 29 28 14 
28 20 32 50 1624 6349 112 5965 8391 6264 83 2141 1889 65 43 30 
165 48 57 54 958 4050 217 3606 7777 4590 83 1760 1178 50 37 39 
586 2929 5346 2019 59 62 2974 162 6476 316 491 144 45 193 4339 3124 
60 3952 7962 3061 87 109 4096 219 6292 144 448 70 85 257 6722 4288 
44 73 101 105 1572 5080 122 4903 7906 5293 141 1658 1793 128 83 58 
48 1827 3682 1613 123 58 1936 186 6380 104 419 69 55 508 3133 1988 
36 36 37 24 44 51 53 107 6370 89 59 42 48 34 19 29 
999 100 42 54 30 37 333 81 6770 448 290 250 38 47 39 96 
171 26 28 36 286 47 124 148 6417 304 199 160 189 223 24 22 
32 189 181 1082 311 39 200 294 6663 102 731 28 54 1581 249 204 
1917 470 49 45 21 35 625 71 6869 707 677 396 26 24 63 347 
465 30 29 38 54 572 456 174 6946 2092 77 1455 53 25 23 30 
