3093 4312 4311 4416 585 411 3662 862 6968 1132 3627 706 380 3419 4366 4301 
2917 7195 7339 7241 862 176 5455 1036 7204 749 5680 235 243 5709 7402 7205 
610 329 352 381 3969 5422 873 4594 8017 5622 692 4340 4704 625 350 318 
702 123 119 162 5350 8190 1082 6865 8518 8080 360 6710 6680 198 118 117 
700 125 149 168 5303 8116 1074 6851 8301 8147 374 6623 6812 249 150 103 
834 160 183 164 5058 8003 1124 6468 8341 7959 377 6371 6426 247 156 144 
3268 7244 7408 7354 815 264 5504 1040 7120 888 5716 431 271 5853 7327 7247 
3343 8043 8204 8107 890 242 6191 1238 7131 787 6386 318 235 6368 8258 8156 
764 268 252 285 5017 7677 979 6289 8134 7512 500 6255 6246 347 276 228 
2903 7044 7139 6952 762 195 5372 1048 7152 742 5478 239 217 5631 7015 7080 
250 286 287 284 214 149 289 225 7006 692 280 164 166 290 320 287 
2993 5784 5681 5798 763 345 4460 1015 7064 1021 4526 505 346 4490 5751 5679 
816 387 382 392 3603 5043 910 4375 7884 5450 612 4228 4492 612 337 352 
2996 7358 7581 7427 894 161 5596 1072 7094 709 5848 278 295 6102 7392 7350 
3036 4640 4872 4662 630 407 3897 967 7031 1141 3787 732 394 3788 4785 4761 
926 144 169 187 4631 7078 1049 6024 8164 7264 387 5978 5944 241 166 139 
