152 57 39 27 22 31 93 46 6232 167 78 39 22 26 34 38 
25 44 28 511 376 48 65 249 6623 82 502 31 70 970 37 59 
23 25 25 62 1268 125 51 412 6558 534 331 58 1328 366 22 22 
30 24 29 29 1214 4995 85 4962 8030 5319 63 1197 1395 38 30 14 
26 23 33 34 1179 5837 95 5825 8163 5925 77 1379 1429 20 29 11 
141 31 44 54 659 3576 213 3272 7462 4386 98 1452 847 45 35 33 
592 2405 5176 1421 57 64 2558 139 6317 263 396 127 42 100 3662 2576 
57 3213 8271 2341 75 125 3660 219 6274 134 160 55 64 142 5806 3372 
49 60 99 69 1223 4759 82 4752 7847 5059 145 1174 1481 122 86 70 
33 1443 3362 1324 97 67 1539 188 6259 85 272 53 49 409 2499 1430 
24 31 35 34 43 45 48 96 6213 70 63 36 14 33 30 28 
808 78 34 30 31 32 252 95 6717 426 219 239 30 19 29 55 
158 17 20 46 205 31 89 110 6304 183 130 125 121 135 19 20 
39 103 68 916 287 21 96 308 6482 84 692 40 62 1371 126 113 
1781 306 15 32 31 49 623 81 6850 685 601 410 25 27 28 233 
410 25 21 28 35 527 452 99 6837 2078 60 1374 38 22 21 21 
