1025 366 97 63 41 34 352 58 6731 298 522 95 30 37 93 188 
62 231 225 909 417 42 189 328 6801 130 717 57 85 1553 209 251 
26 31 31 85 1354 476 66 757 6826 859 366 247 1427 375 22 31 
34 30 40 44 2101 6559 119 5867 8191 6554 69 2925 2658 48 31 35 
40 36 39 41 2090 6737 139 6023 8153 6546 80 2903 2639 64 36 28 
212 49 54 59 1449 4575 227 4042 7754 5183 110 2409 1730 61 46 43 
644 3606 5516 2859 85 80 3393 208 6618 279 1156 169 66 491 5399 4049 
88 4971 8168 4058 108 131 4515 256 6585 183 1309 98 100 636 7686 5618 
75 89 121 98 2044 5692 141 5293 8018 5488 149 2443 2361 134 100 89 
72 2684 4240 2376 136 65 2418 243 6654 122 853 69 59 661 4096 2896 
42 46 58 54 34 52 61 104 6679 95 65 41 38 43 44 33 
1115 302 156 103 52 41 407 82 6596 468 389 248 40 65 150 234 
294 37 22 62 498 74 180 198 6633 488 247 290 408 293 37 30 
48 718 788 1424 318 47 565 391 6733 95 984 45 76 1642 782 771 
1977 632 179 103 46 42 696 69 7040 689 693 378 35 29 188 429 
533 37 26 25 129 708 443 338 7110 2278 97 1448 147 33 26 13 
