3365 4701 4856 4900 873 546 4024 1084 7299 1197 3944 871 522 3962 4806 4776 
3507 7503 7558 7578 1117 228 5670 1180 6979 781 6169 315 310 6375 7409 7339 
823 483 442 487 4226 5508 1085 4952 7951 5909 804 4827 5083 738 411 422 
1007 167 177 196 5652 8110 1252 6789 8209 8382 473 6813 7113 277 173 175 
996 176 182 201 5608 8288 1203 6791 8366 8200 499 6973 7041 277 210 156 
1121 211 201 216 5290 8170 1242 6744 8556 7970 494 6794 6942 317 195 169 
3831 7496 7418 7504 1049 351 5757 1250 7097 994 6006 508 364 6014 7290 7311 
3845 8266 7975 8118 1080 299 6316 1291 7206 865 6602 378 343 6764 7911 8188 
1041 331 350 328 5145 7747 1274 6419 8053 7744 562 6573 6603 434 360 300 
3426 7146 7198 7215 994 233 5591 1194 7187 861 5862 341 276 5857 7376 7191 
319 353 397 394 238 202 327 247 7238 847 436 195 220 394 416 373 
3455 6148 6216 6149 981 440 4987 1167 7268 1081 4913 649 443 5145 6180 6026 
1009 494 438 517 4115 5617 1102 4811 7938 5949 805 4775 5055 787 485 472 
3573 7662 7609 7609 1087 266 5934 1297 7242 832 6175 321 311 6378 7768 7744 
3411 5035 5034 5158 992 609 4231 1117 7165 1315 4234 891 519 4293 5182 5196 
1133 235 205 233 4942 7470 1216 6234 8118 7477 524 6600 6338 297 235 229 
