851 271 65 52 29 35 334 61 6528 286 430 95 26 43 71 167 
47 158 125 825 404 47 138 307 6672 108 704 47 97 1498 129 183 
20 31 35 64 1284 383 72 652 6723 783 331 198 1445 398 33 25 
30 27 32 55 1896 6216 120 5747 8174 6328 70 2575 2439 34 32 35 
38 36 41 55 1922 6551 108 6024 8250 6419 90 2654 2477 45 35 31 
172 44 50 61 1253 4500 219 3906 8020 4928 79 2248 1621 53 49 38 
627 3512 5607 2669 62 78 3250 158 6526 324 883 169 71 338 5177 3651 
87 4675 8073 3774 85 136 4409 220 6416 193 996 77 82 482 7396 4992 
61 78 99 81 1840 5600 133 5014 7968 5275 125 2268 2171 101 79 64 
73 2440 4139 2080 126 64 2228 174 6500 106 677 53 74 618 3836 2605 
35 35 46 48 49 55 57 80 6471 112 61 44 47 42 44 49 
1107 236 78 75 41 49 368 91 6728 449 363 258 29 56 100 187 
243 24 44 58 401 68 175 181 6675 363 238 259 338 271 29 25 
59 429 436 1275 319 46 340 342 6637 99 875 37 58 1730 468 474 
1959 554 112 82 29 44 663 66 6801 727 737 383 28 39 119 434 
547 31 23 24 102 685 428 271 6884 2208 76 1442 123 44 21 24 
