1677 622 351 284 51 58 707 100 6841 557 772 254 49 141 382 518 
139 1656 1836 2059 401 60 1186 417 6995 161 1337 63 125 2074 1830 1688 
54 56 45 98 1759 1681 97 1627 7265 1961 389 958 1924 432 65 43 
80 36 43 67 2925 7552 178 6255 8381 6955 102 4228 3674 50 51 36 
79 56 50 62 3043 7455 207 6196 8418 6976 159 4150 3795 66 58 34 
216 68 69 94 2294 5844 259 4693 8111 5862 134 3511 2879 67 80 44 
743 5043 5993 4299 124 111 3890 370 6767 327 2342 215 93 1727 6038 5463 
235 6559 8077 5564 140 160 4996 477 6827 243 2800 136 138 2314 8065 7241 
128 106 139 162 2636 6389 173 5465 8024 6089 192 3502 3512 157 114 124 
185 4292 5047 3681 140 99 3218 401 6914 194 1905 99 64 1699 5151 4634 
64 53 76 69 62 77 86 126 6831 156 87 65 65 75 52 77 
1136 1101 1111 865 56 55 1041 159 6863 516 855 277 51 452 1103 1111 
332 51 77 86 815 276 250 420 7154 922 296 580 812 341 57 40 
139 2899 3443 3014 376 57 2144 407 6847 141 1788 72 95 2234 3431 3022 
1930 1043 812 567 46 62 1083 106 6919 713 847 394 61 239 777 893 
479 59 47 61 650 1802 470 1372 7203 3098 105 2092 794 61 50 47 
