3145 4573 4535 4471 731 476 3846 985 7096 1237 3783 748 378 3677 4521 4570 
3307 7403 7281 7298 1000 207 5606 1141 7292 803 5923 306 262 6116 7522 7398 
715 402 354 380 4162 5455 998 4695 7730 5615 756 4676 5017 663 426 380 
924 140 159 151 5285 8206 1129 6840 8261 8142 438 6927 6756 250 141 110 
932 163 133 174 5379 8178 1117 6713 8312 8236 442 6797 6966 238 141 147 
974 179 232 204 5240 7896 1080 6503 8255 8108 423 6562 6556 272 214 166 
3459 7550 7355 7515 885 298 5730 1148 7130 941 5899 453 311 5968 7444 7097 
3582 8299 8139 8154 1039 284 6144 1324 7073 875 6494 386 293 6635 8320 8283 
919 290 296 300 5224 7420 1183 6536 8243 7797 529 6285 6575 380 284 252 
3176 7026 7041 7172 861 221 5455 1106 7211 782 5514 290 254 5774 7199 7075 
276 333 352 375 214 181 335 209 7118 734 305 165 187 323 402 335 
3264 5969 6019 5966 833 402 4683 1019 7010 1026 4780 571 356 4832 6015 5851 
872 429 412 440 3810 5453 1069 4571 7839 5573 668 4658 4814 583 476 386 
3277 7580 7458 7553 1024 183 5785 1144 7034 795 6167 301 280 6217 7413 7539 
3263 4881 4922 4875 823 480 4055 1050 7088 1256 3967 785 443 3938 4967 4857 
1026 190 188 246 4910 7434 1095 6124 8118 7448 421 6277 6267 250 185 172 
