2380 2781 2643 2485 186 162 2377 418 6932 880 2139 523 114 1650 2811 2664 
1192 5747 5726 5651 540 90 4290 803 7160 485 4037 118 145 4155 5811 5912 
209 121 176 175 2874 4080 345 3618 7701 4171 425 3093 3604 452 143 146 
255 62 87 89 4405 8241 525 6399 8165 7605 195 5927 5756 102 101 67 
254 63 61 105 4374 8244 553 6680 8128 7805 248 5978 5741 109 89 82 
413 78 121 141 4107 7288 597 5921 8142 6995 226 5520 5259 142 125 99 
1924 6986 6819 6418 308 173 5029 849 7032 563 4501 271 148 4373 6951 6902 
1772 8147 8321 7873 375 210 5779 977 7165 524 5175 207 192 5214 8274 8068 
321 171 199 197 4250 7384 518 5960 8226 6984 310 5505 5256 217 160 164 
1419 6472 6253 6061 314 116 4591 765 7135 432 4123 161 146 4107 6336 6349 
104 153 166 180 111 99 146 165 7085 381 152 113 107 124 164 166 
1828 4208 4352 3957 254 168 3224 589 7108 649 2851 369 151 2734 4274 4293 
423 169 161 183 2361 3157 445 2717 7622 3462 414 2625 2880 440 182 158 
1283 6399 6261 6067 472 105 4403 843 7023 452 4148 140 144 4437 6467 6120 
2353 3310 3381 3144 194 182 2705 523 7005 848 2472 483 135 2043 3361 3219 
627 77 109 99 3081 5536 659 4556 7911 5628 179 4489 3957 110 121 105 
