1685 577 348 257 45 49 679 98 6840 513 690 235 42 107 335 412 
129 1296 1494 1903 427 61 1010 395 6924 141 1278 51 97 1956 1433 1467 
47 28 42 108 1629 1513 111 1567 7250 1753 362 829 1716 409 44 38 
54 28 40 51 2916 7423 159 6072 8285 6950 121 4016 3629 52 43 36 
50 34 60 74 3008 7473 184 6333 8367 6949 151 4065 3577 68 57 30 
248 72 74 82 2215 5710 284 4621 7964 5796 113 3421 2712 76 57 60 
707 4917 6090 4086 91 97 4065 343 6838 350 2145 190 72 1585 6037 5327 
194 6424 8175 5376 128 140 4960 447 6903 231 2637 102 97 2160 8274 7052 
93 124 130 132 2637 6465 188 5338 8085 6067 171 3453 3384 145 114 96 
160 3933 4949 3330 130 97 3132 373 6846 155 1761 72 95 1608 5056 4414 
62 64 71 65 72 57 91 115 6828 141 66 60 62 58 74 73 
1125 1014 980 658 60 79 877 148 6841 497 691 265 57 372 912 934 
311 41 66 86 766 236 244 368 6993 926 311 501 685 327 53 47 
114 2475 3150 2803 365 53 1963 402 6880 151 1629 46 101 2234 3111 2717 
1913 955 698 480 55 62 1040 108 6829 792 825 394 51 191 703 804 
540 61 48 54 549 1593 489 1157 7039 2877 102 1791 660 45 55 41 
