56 33 32 27 30 28 44 37 6156 128 44 28 20 17 26 36 
17 41 27 402 311 22 46 229 6561 85 393 22 61 833 30 31 
21 20 25 73 1351 77 61 386 6498 518 341 35 1384 380 26 19 
20 15 21 34 876 4397 81 4631 7891 4826 60 669 988 22 20 22 
30 14 35 33 896 5451 103 5608 8116 5977 98 769 931 24 26 20 
129 45 52 27 449 3128 220 2851 7526 4225 82 1133 477 30 26 36 
538 1872 5082 872 50 67 2408 124 6258 280 284 130 33 63 2805 1987 
58 2523 8107 1495 60 84 3414 172 6027 174 89 38 43 98 4782 2609 
35 52 84 80 935 4481 74 4644 7847 4793 109 627 956 120 63 39 
36 1022 2946 897 91 53 1330 156 6238 94 235 42 36 409 1881 951 
22 17 38 24 33 39 49 79 6068 69 37 32 29 21 24 20 
560 50 25 24 31 32 200 68 6435 406 120 177 22 19 25 33 
125 17 19 32 109 33 54 73 6045 111 91 65 67 93 19 13 
25 66 44 760 260 17 59 266 6355 71 610 25 52 1125 102 42 
1575 217 18 32 25 28 509 64 6776 706 514 435 18 12 18 142 
315 20 28 27 28 504 453 90 6769 2072 74 1357 23 19 18 17 
