3683 5402 5262 5100 1203 760 4350 1371 7286 1511 4414 1068 718 4465 5289 5205 
4025 7881 7893 7781 1451 304 5945 1421 7195 1101 6622 467 414 6815 7900 7877 
1266 646 643 683 4697 5979 1436 5313 7924 6251 1064 5349 5545 852 688 659 
1453 265 262 288 5802 8167 1455 6770 8219 8249 640 7022 7290 397 258 241 
1417 252 283 310 5846 8196 1456 6917 8156 8242 598 7167 7208 385 246 245 
1510 271 320 353 5665 8009 1416 6717 8132 7908 690 7143 7133 386 281 302 
4214 7573 7590 7381 1370 406 5992 1471 7285 1161 6394 672 498 6541 7635 7449 
4230 8157 8278 8176 1486 376 6489 1433 7139 1101 7027 542 423 6801 8280 8227 
1389 420 458 424 5636 7495 1433 6521 8160 7893 735 6777 6830 537 438 418 
3989 7394 7244 7497 1288 341 5877 1272 7162 968 6126 468 412 6287 7404 7343 
394 558 513 557 339 279 505 393 7243 941 526 283 286 572 535 529 
3941 6524 6568 6547 1305 628 5360 1410 7241 1288 5410 726 663 5705 6378 6626 
1331 664 661 705 4492 5982 1418 5200 8019 6271 956 5344 5548 897 689 693 
4235 7988 7956 7783 1417 293 6226 1415 7156 1066 6744 463 411 6854 7818 8014 
3732 5626 5368 5579 1266 786 4688 1445 7129 1489 4772 1082 700 4811 5541 5535 
1537 308 354 379 5404 7784 1420 6522 8209 7982 699 6929 6784 424 292 312 
