4829 6456 6440 6531 2748 2068 5450 2724 7296 2609 5952 2324 2021 6044 6545 6474 
5412 8180 8190 8365 2605 1108 6717 2246 7234 1862 7537 1439 1271 7721 8216 8094 
3062 1833 1806 1801 5894 6827 2713 6105 8176 6970 2199 6303 6817 2013 1787 1781 
2946 1108 1117 1118 6486 8301 2393 7208 8405 8282 1729 7844 7965 1301 1127 1059 
3096 1028 1157 1149 6317 8123 2466 7232 8311 8393 1697 7652 7969 1337 1096 1154 
3083 1129 1188 1188 6342 8297 2315 7151 8444 8202 1648 7716 7869 1294 1160 1173 
5332 7942 7868 7669 2617 1409 6786 2371 7605 2087 7226 1681 1416 7526 7996 7751 
5616 7969 8415 8423 2646 1225 6896 2271 7308 1990 7477 1466 1329 7761 8261 8234 
3038 1372 1350 1329 6308 8116 2367 6943 8303 8053 1834 7346 7625 1469 1269 1273 
5207 7900 7856 7686 2464 1158 6461 2191 7448 1905 7165 1443 1167 7424 7738 7624 
1381 1570 1570 1505 1261 1041 1446 1207 7289 1773 1542 1107 1178 1519 1532 1628 
5189 7164 7415 7275 2808 1644 6284 2539 7256 2326 6546 1951 1720 6686 7330 7218 
3129 1823 1862 1756 5775 6996 2588 6367 8080 7308 2249 6548 6850 1925 1792 1757 
5560 8308 8278 8351 2461 1120 6769 2212 7337 1849 7592 1397 1253 7756 8246 8210 
4921 6615 6643 6553 2781 2048 5669 2815 7463 2682 5958 2297 2025 6152 6691 6461 
3066 1175 1116 1210 6569 8305 2389 7257 8427 8324 1656 7719 7949 1291 1160 1120 
