2134 1289 1256 1004 84 92 1284 170 6868 719 1225 430 63 574 1252 1246 
365 3984 4076 3975 453 80 2760 609 6976 229 2501 77 130 2959 4170 4135 
99 75 87 120 2194 2872 165 2471 7662 2937 369 1863 2557 413 77 82 
94 51 47 58 3780 7962 264 6407 8256 7424 143 5122 4815 75 42 44 
119 50 62 84 3750 7933 288 6290 8238 7430 138 5132 4756 87 69 53 
260 85 76 108 3107 6783 343 5309 8279 6591 164 4444 3964 84 76 89 
1051 6232 6370 5299 178 123 4409 611 7005 465 3299 214 110 3035 6563 6449 
641 7867 8230 6839 192 172 5606 701 7272 363 3887 158 145 3868 8245 7970 
168 132 149 166 3362 7073 280 5633 8127 6694 202 4453 4336 222 137 122 
489 5484 5695 4906 181 100 3899 541 6935 263 2997 101 95 2829 5717 5742 
96 88 98 131 66 79 107 136 7148 257 80 98 69 84 97 82 
1265 2591 2729 2368 115 93 2155 343 6922 564 1651 303 94 1360 2610 2683 
348 84 82 122 1308 1240 331 1181 7343 1908 347 1176 1354 379 97 86 
384 4529 4939 4442 368 79 3308 553 6894 259 2836 79 102 3089 4928 4801 
2062 2033 2021 1614 105 113 1920 240 6996 761 1513 408 92 982 1972 1917 
545 44 72 87 1725 3750 478 2980 7513 4267 132 3002 2200 79 80 69 
