2300 1842 1779 1573 133 101 1729 211 6941 748 1440 496 84 940 1816 1820 
594 4845 5024 4655 477 96 3381 703 6954 360 3143 96 137 3493 4988 4889 
117 107 93 132 2428 3397 215 2992 7697 3434 414 2376 2938 390 107 92 
143 57 75 88 4177 8113 372 6464 8232 7574 145 5492 5149 99 61 63 
177 66 55 81 3946 8092 395 6475 8299 7693 174 5335 5233 97 66 58 
319 108 113 86 3519 6977 420 5598 8012 6880 182 4908 4363 114 66 79 
1271 6547 6550 5670 227 144 4607 681 7165 472 3855 242 119 3677 6593 6565 
1021 8030 8155 7070 262 201 5686 896 7025 429 4555 197 127 4438 7924 8147 
183 154 164 163 3752 7338 399 5796 8343 6837 218 4954 4649 208 169 171 
748 5842 5841 5402 235 128 4254 609 7157 326 3430 124 117 3365 6193 6159 
99 104 135 128 90 89 131 132 7051 294 103 80 101 120 123 115 
1447 3315 3464 2997 149 101 2562 403 6897 576 2141 303 104 1876 3391 3419 
375 142 124 158 1673 2072 312 1808 7215 2607 323 1714 1930 403 112 106 
671 5419 5582 5193 426 87 3801 709 7146 315 3463 94 103 3601 5556 5433 
2096 2470 2487 2185 125 132 2263 317 6946 796 1915 456 105 1457 2624 2534 
620 89 102 70 2278 4508 527 3678 7765 4983 161 3540 2838 96 79 91 
