2368 2946 2927 2692 209 181 2531 489 6865 886 2281 570 167 1943 2936 2891 
1405 6003 6041 5759 587 108 4429 808 6940 494 4000 146 171 4571 6170 5913 
193 139 169 187 2989 4261 455 3622 7969 4360 490 3264 3692 503 169 157 
302 79 78 88 4620 8237 598 6624 8340 7958 227 6228 5958 124 78 61 
289 79 88 118 4597 8173 640 6560 8369 7677 207 6133 5854 159 75 88 
430 102 124 124 4354 7486 661 6176 8172 7187 251 5597 5372 159 109 123 
2029 6866 6905 6532 377 161 5189 918 7013 691 4706 291 176 4445 6971 6969 
1939 8194 8123 7709 452 209 5894 933 7162 616 5454 199 201 5352 8102 8112 
325 182 175 197 4349 7481 677 6085 8277 7149 296 5516 5422 249 182 178 
1682 6468 6486 6228 364 129 4711 820 6979 524 4326 183 133 4235 6505 6368 
132 151 168 168 123 93 136 164 6970 516 168 99 104 174 180 144 
1908 4507 4371 4286 282 152 3417 659 7010 702 3132 374 153 3073 4379 4373 
472 210 195 187 2584 3389 456 2989 7735 3889 458 2753 3010 479 189 186 
1569 6328 6438 6224 536 115 4794 910 7108 500 4425 155 159 4654 6498 6489 
2451 3487 3563 3269 267 199 2978 508 6972 913 2560 543 150 2366 3643 3557 
694 76 102 142 3209 5810 694 4723 8012 6084 178 4711 4094 131 92 75 
