1157 391 133 94 33 37 466 60 6845 368 543 138 28 43 121 263 
76 396 338 1079 421 49 259 398 6812 110 807 48 92 1681 292 368 
27 35 44 86 1457 672 60 934 6872 1040 332 366 1511 401 32 26 
34 28 32 41 2305 6898 103 6010 8321 6579 94 3258 2921 41 32 33 
60 30 34 53 2266 6995 132 6197 8250 6760 100 3205 2844 51 42 34 
229 38 61 75 1651 4899 217 4303 7824 5296 106 2601 1983 51 60 52 
628 3986 5668 3195 76 86 3505 177 6851 323 1355 156 62 694 5556 4253 
117 5314 8234 4524 96 143 4740 307 6648 183 1669 88 87 994 7954 5862 
68 96 146 111 2227 5786 145 5196 7914 5624 169 2648 2630 134 98 93 
72 3008 4467 2557 121 95 2707 226 6702 151 1062 74 80 821 4260 3251 
45 52 54 42 52 63 76 110 6639 114 60 48 41 34 59 44 
1067 422 174 167 46 59 503 92 6743 470 431 232 35 95 225 310 
257 36 43 76 518 100 213 253 6773 581 255 363 454 346 33 34 
70 1003 1277 1680 352 35 785 336 6638 99 1084 40 72 1829 1232 1053 
2033 697 255 142 53 56 787 84 6751 776 736 410 31 51 226 494 
470 34 43 35 174 900 436 463 7125 2270 83 1540 210 35 38 36 
