7702 7996 7836 8028 7328 7231 7729 7321 8057 7174 7901 7213 7137 8057 7992 7822 
7843 8282 8155 8252 7220 6876 7868 6995 7971 7090 8218 7049 6938 8313 8160 8172 
7560 7158 7102 7158 7668 7847 7375 7853 8250 8149 7297 8018 7882 7200 7220 7062 
7514 6886 6920 7028 8022 8240 7238 8073 8295 8206 7157 8266 8376 6817 7028 6962 
7300 6874 6978 6909 8004 8305 7260 8119 8224 8373 7035 8367 8306 6886 6781 6932 
7588 6989 6954 7151 7924 8299 7231 8015 8421 8233 7150 8294 8266 7124 7045 7007 
7844 8296 8120 8228 7280 7121 7955 7269 8307 7186 8083 7035 7196 8215 8380 8058 
7881 8258 8205 8364 7455 7024 8101 7223 8051 7316 8301 7078 6923 8397 8313 8311 
7528 7213 7055 6978 8033 8334 7354 7952 8370 8299 7202 8204 8214 7028 6949 6833 
7925 7993 8154 8249 7241 6996 8110 7288 8123 7184 8180 7180 7098 8335 8017 8225 
7171 6943 7080 7195 7103 6886 7068 6901 8180 7108 6775 6877 7099 6936 7048 7141 
7835 8081 8117 8265 7273 7008 8020 7524 8168 7127 8160 7207 7153 8253 8268 7975 
7693 7072 7216 7164 7896 8080 7174 7997 8295 7998 7463 7960 8209 7094 7123 7050 
7837 8193 8274 8242 7320 6960 8110 7222 8201 7179 8346 6987 6988 8296 8274 8132 
7776 8024 8069 8153 7438 7257 7837 7281 8102 7343 8031 7377 7187 8031 7991 8236 
7590 7075 7040 7058 8034 8466 7196 8239 8416 8146 6941 8330 8282 7188 7002 6967 