507 151 52 27 38 30 186 60 6496 244 268 72 27 36 56 78 
35 86 54 696 382 33 75 257 6687 103 623 37 75 1315 80 92 
34 25 28 57 1273 244 71 490 6947 697 365 108 1400 373 34 37 
28 32 29 47 1643 5929 97 5416 8041 6039 80 2107 2082 25 40 24 
25 21 44 51 1636 6368 110 5807 8375 6306 92 2223 2039 36 33 26 
209 49 64 58 1109 4163 207 3705 7579 4659 83 1992 1240 42 54 48 
618 3097 5382 2169 71 72 2888 162 6645 330 636 167 51 235 4611 3315 
64 4063 8082 3182 99 129 4188 225 6542 159 536 66 69 322 6899 4346 
48 62 89 91 1615 5147 127 4997 7928 5256 134 1770 1860 125 96 69 
42 1968 3748 1803 98 55 1952 201 6294 123 449 55 63 493 3253 2207 
24 27 43 31 51 48 71 80 6291 90 50 46 28 36 25 22 
1020 172 67 50 40 44 314 82 6722 440 301 222 30 40 60 88 
205 29 29 53 363 43 146 146 6499 276 216 174 229 261 25 26 
42 235 204 1052 323 28 170 332 6486 90 782 41 78 1542 276 223 
2033 481 76 53 31 48 639 69 6794 756 691 403 40 31 78 333 
539 36 27 28 60 625 445 156 6949 2132 79 1436 59 24 20 20 
