4751 6188 6176 6219 2305 1674 5368 2286 7175 2335 5645 1962 1657 5948 6156 6089 
5181 8120 8273 8341 2164 826 6616 1987 7239 1568 7242 1087 927 7568 8085 8144 
2585 1511 1452 1482 5372 6851 2223 5887 7940 6912 1928 6182 6427 1621 1486 1381 
2497 763 804 812 6481 8258 1983 7157 8498 8103 1367 7486 7655 981 779 810 
2708 848 800 864 6314 8108 2098 7233 8168 8354 1352 7494 7887 1012 807 816 
2675 870 830 844 6293 8192 2117 6951 8283 8261 1392 7478 7743 1006 873 840 
5138 7734 7832 7917 2280 1075 6583 1967 7373 1795 6962 1350 1134 7123 7746 7683 
5331 8477 8230 8152 2328 908 6753 1891 7341 1668 7318 1205 1063 7704 8238 8231 
2626 1012 1002 977 6189 8109 2069 6895 8372 8071 1500 7191 7380 1240 971 1016 
4897 7621 7730 7817 2118 855 6448 1824 7200 1652 6900 1075 960 7102 7583 7730 
1104 1226 1177 1180 970 879 1167 954 7277 1585 1171 813 862 1226 1292 1241 
5040 7176 7002 7108 2356 1342 5937 2203 7416 1985 6496 1633 1408 6645 7122 7079 
2565 1463 1448 1419 5550 6699 2300 5928 8008 7039 1882 6223 6735 1657 1434 1388 
5229 8221 8175 8263 2201 823 6577 1920 7202 1606 7482 1126 913 7578 8251 8115 
4772 6413 6375 6528 2520 1628 5558 2374 7601 2337 5809 1881 1588 5959 6360 6448 
2705 901 920 912 6224 8234 2060 6814 8209 8260 1326 7364 7730 1027 850 835 
