2280 2542 2585 2278 171 162 2225 346 7139 886 1985 498 103 1491 2508 2443 
1115 5607 5620 5149 537 85 3946 727 7109 451 3712 105 127 4104 5715 5684 
168 116 130 174 2739 3925 335 3349 7682 3976 485 2827 3413 459 137 154 
242 57 76 104 4368 8350 440 6666 8313 7738 198 5823 5528 111 57 48 
256 81 75 86 4445 8024 519 6388 8400 7667 191 5808 5512 103 70 71 
350 113 111 132 4034 7399 546 5778 8010 7060 228 5330 5054 118 109 88 
1735 6834 6858 6302 286 173 4917 766 7059 564 4311 281 160 4179 6838 6875 
1551 8137 8377 7422 336 167 5914 877 7062 514 4861 213 181 5028 8109 7984 
264 137 200 190 4116 7411 485 6090 8114 6951 285 5249 5190 246 185 179 
1193 6326 6344 5815 292 130 4512 764 6998 458 4032 157 137 4016 6222 6388 
98 139 136 143 112 117 138 169 6961 430 149 91 105 147 162 158 
1654 4118 4078 3706 210 140 3041 536 7049 643 2714 367 130 2518 4032 4026 
384 189 158 167 2121 2964 424 2610 7588 3325 411 2332 2446 445 172 129 
1128 5975 6155 5757 451 85 4419 796 7114 406 3995 116 147 4157 6140 6152 
2221 3123 3215 2878 196 149 2603 407 7050 847 2245 512 141 1858 3181 3168 
629 87 93 97 2794 5341 577 4345 7849 5415 159 4303 3566 118 93 77 
