1134 337 91 82 40 37 416 60 6602 354 505 139 36 50 117 197 
67 296 256 1036 389 44 245 350 6850 107 815 41 89 1473 258 285 
38 30 39 71 1428 593 77 883 7019 977 340 272 1500 381 42 30 
30 28 40 42 2167 6716 132 6002 8183 6529 92 2971 2691 63 27 28 
40 36 37 75 2210 7085 132 6009 8206 6690 106 3111 2853 64 42 35 
195 57 61 68 1532 4861 265 4144 7774 5272 115 2591 1925 61 49 57 
614 3926 5622 2796 75 91 3417 184 6640 338 1261 167 73 575 5485 4018 
121 5133 8211 4362 106 130 4705 290 6579 202 1404 86 76 797 7986 5843 
73 76 122 107 1937 5692 109 5148 7981 5340 136 2637 2388 150 101 76 
88 2816 4444 2598 126 73 2529 252 6668 127 967 77 70 765 4084 3133 
40 48 62 60 50 68 88 103 6392 110 61 48 40 36 46 40 
1166 319 187 131 41 66 460 91 6700 493 434 279 44 89 160 266 
240 36 37 68 510 92 192 199 6578 487 284 328 449 322 32 20 
62 855 932 1623 328 46 657 357 6627 92 984 38 65 1754 1001 951 
2007 660 223 146 28 49 669 84 6908 717 702 406 33 46 201 535 
529 31 21 22 134 801 406 410 6991 2224 80 1467 180 31 27 28 
