2290 2276 2246 1993 137 156 1976 367 6995 827 1786 528 105 1297 2202 2196 
902 5233 5286 5210 531 97 3729 713 7243 384 3494 111 158 3773 5228 5493 
149 114 125 163 2734 3780 282 3253 7633 3881 447 2667 3100 440 105 102 
190 64 65 96 4249 8098 481 6513 8108 7623 163 5775 5500 122 74 62 
184 83 75 101 4288 8263 427 6561 8270 7614 190 5773 5620 122 73 64 
333 78 126 106 3791 7368 519 5671 8177 6933 173 5308 4832 140 99 61 
1487 6815 6797 6031 242 144 4850 747 7094 580 4198 245 139 3889 6541 6497 
1358 8012 8190 7525 325 210 5644 928 7152 479 4694 220 158 4936 8084 8255 
234 151 168 186 3989 7256 438 5894 8266 6879 254 5385 4867 230 164 158 
1038 6203 6202 5712 266 127 4443 682 7097 395 3772 147 122 3771 6149 6296 
114 135 146 141 116 97 132 158 7059 356 122 72 76 113 114 130 
1620 3835 3857 3413 199 119 2983 502 6952 595 2584 349 116 2281 3847 3745 
389 131 145 153 1961 2706 412 2292 7362 2988 407 2100 2370 407 155 130 
986 5847 5961 5491 445 102 4264 726 7058 402 3697 99 134 3975 5906 5952 
2189 2839 2971 2616 157 168 2475 446 7043 819 2085 488 117 1660 2993 2948 
584 89 89 113 2550 5177 580 4070 7713 5186 170 4012 3360 87 84 83 
