5808 5736 5687 3607 3625 5533 3605 7706 3636 5774 3542 3645 5748 5807 5661 5228 
5400 5336 5346 4083 4153 5087 4210 7905 4183 5336 4225 4236 5255 5255 5374 4841 
4091 4081 4101 5184 5576 4008 5551 8056 5649 4185 5601 5341 4136 4141 4117 4093 
2235 2172 2182 6637 7512 2600 7245 8340 7397 2548 7654 7051 2149 2137 2123 2903 
1948 1875 1864 6870 7984 2337 7566 8364 7652 2309 7943 7125 1933 1902 1760 2886 
3746 3672 3695 5532 5790 3773 5883 8094 5882 3978 5954 5627 3788 3818 3798 3936 
5370 5428 5309 4243 4362 5172 4441 7864 4474 5301 4385 4300 5374 5357 5468 4936 
6060 5791 5801 3863 3784 5534 3898 8036 4024 5841 4016 4026 5790 5777 5763 5142 
5807 5747 5721 3485 3448 5324 3472 7998 3636 5574 3413 3601 5825 5746 5872 5078 
4484 4440 4381 3271 3296 4251 3332 8175 3574 4505 3414 3343 4439 4374 4438 4011 
5414 5173 5037 2688 2572 4858 2700 7935 2655 5017 2556 2741 5231 5168 5203 4479 
4346 4433 4292 3431 3437 4255 3455 7977 3555 4475 3459 3500 4432 4457 4489 4035 
5775 5660 5739 3484 3358 5454 3524 7760 3499 5734 3396 3586 5679 5934 5876 5019 
5653 5620 5648 3844 3757 5298 3962 8052 3873 5555 3854 3978 5623 5636 5661 5058 
5215 5126 5108 4373 4494 4862 4299 7912 4406 5025 4480 4568 5073 5198 5090 4802 
3521 3408 3471 5572 6156 3588 6058 8119 6256 3635 6162 5945 3578 3431 3473 3756 
