1852 759 532 412 73 56 851 115 6784 613 827 286 55 211 566 584 
153 2351 2499 2609 409 56 1672 450 6886 182 1703 77 107 2292 2649 2464 
47 45 45 107 1764 2007 137 1906 7386 2164 359 1169 2054 419 42 52 
68 59 45 70 3186 7638 160 6386 8242 7267 128 4386 4056 76 47 48 
82 57 65 86 3168 7601 226 6259 8197 7212 127 4494 4067 72 50 55 
257 83 87 77 2556 6121 269 5156 7921 6068 149 3728 3158 82 72 67 
778 5385 6205 4404 108 106 4262 445 6868 359 2616 212 93 2115 6158 5846 
305 6968 8066 5786 138 165 5259 572 6772 243 3187 125 108 2687 8120 7503 
101 133 151 136 2964 6462 215 5498 8080 6138 167 3914 3788 181 103 132 
259 4632 5311 3987 142 89 3349 411 6762 234 2259 90 101 2000 5323 4969 
56 71 88 91 88 73 98 120 6924 160 87 89 68 61 78 72 
1125 1445 1577 1285 93 79 1371 211 6809 514 1046 279 66 653 1651 1492 
321 74 93 96 925 421 269 495 7068 1113 343 681 900 334 65 62 
192 3376 3999 3518 330 49 2499 453 6844 163 2034 68 82 2411 3886 3727 
1983 1172 1079 795 57 84 1323 142 6927 737 1012 418 55 359 1098 1170 
524 62 51 52 874 2358 439 1777 7447 3345 111 2221 1125 58 46 35 
