2216 1612 1615 1369 96 106 1609 230 6903 790 1411 462 92 813 1533 1570 
484 4552 4756 4469 452 84 3129 599 7066 299 2905 72 117 3195 4717 4703 
105 74 75 169 2375 3160 195 2797 7502 3268 419 2085 2710 407 83 71 
128 54 61 87 4033 8111 346 6498 8236 7414 161 5401 5003 87 60 55 
147 68 74 97 4008 8144 331 6475 8354 7492 177 5289 5016 111 73 60 
293 78 111 103 3300 7002 386 5474 8135 6579 163 4773 4339 122 96 86 
1227 6443 6603 5614 180 145 4616 652 6990 444 3623 241 120 3532 6559 6432 
851 7999 8205 6953 210 161 5715 772 7105 344 4385 186 140 4118 8186 8089 
166 127 157 182 3617 7122 310 5722 8021 6661 233 4813 4650 191 176 152 
666 5906 6079 5208 208 124 4130 566 7059 332 3329 104 139 3219 5913 5856 
98 119 104 120 102 94 100 117 6896 266 112 76 73 98 110 107 
1353 3128 3091 2680 143 125 2426 376 6861 598 2000 297 80 1716 3155 3010 
358 100 99 135 1581 1808 333 1554 7401 2364 366 1548 1692 397 102 101 
570 5256 5425 4799 405 71 3664 641 7027 331 3132 104 122 3519 5262 5249 
2024 2478 2414 1944 114 121 2133 303 7117 705 1733 435 79 1246 2370 2309 
557 80 87 91 1992 4283 556 3394 7742 4764 124 3255 2570 76 92 66 
